t,s,mode,dos,fdi,x,y,xd,yd,x_dos,y_dos,x_fdi,y_fdi,v_out,w_out,d_perp,r_eff,r,r_ema,alarm
0.0,0.0,main,0,0,-3.269590206045814,2.621229381862557,-3.27,2.62,-3.269590206045814,2.621229381862557,-3.269590206045814,2.621229381862557,0.025917645331869753,-0.19999998635913405,0.0,0.32,0.00516520158741711,0.001033040317483422,0
0.05,3.074860881475375e-05,main,0,0,-3.2691829148371503,2.622411711375622,-3.269877061813867,2.620368814558398,-3.2691829148371503,2.622411711375622,-3.2691829148371503,2.622411711375622,0.025010311522405865,-0.19550630692803025,4.993704493497296e-06,0.32,0.0050450953149091685,0.0018354513169685715,0
0.1,8.19433023702581e-05,main,0,0,-3.268774188941905,2.6235615794232237,-3.269672376691257,2.6209828699262285,-3.268774188941905,2.6235615794232237,-3.268774188941905,2.6235615794232237,0.024406993951233857,-0.19492863765505405,9.699354046917546e-06,0.32,0.005023692565794898,0.002473099566733837,0
0.15000000000000002,0.00014673030316528744,main,0,0,-3.26836117783669,2.6246885747668425,-3.2694133472044045,2.6217599583867868,-3.26836117783669,2.6246885747668425,-3.26836117783669,2.6246885747668425,0.02400580494438035,-0.19687423436771506,1.381588085438664e-05,0.32,0.005066099266323146,0.002991699506651699,0
0.2,0.00022054920150210014,main,0,0,-3.2679418164042695,2.6257989438375446,-3.269118206649639,2.622645380051083,-3.2679418164042695,2.6257989438375446,-3.2679418164042695,2.6257989438375446,0.0237384370519519,-0.2,1.4608832349441913e-05,0.32,0.005138947702027391,0.0034211491457268378,0
0.25,0.0003003638150617389,main,0,0,-3.2675146218966202,2.6268967136405497,-3.2687990942020804,2.62360271739376,-3.2675146218966202,2.6268967136405497,-3.2675146218966202,2.6268967136405497,0.023559233330098447,-0.2,9.29023724749315e-06,0.32,0.00513688560197269,0.0037642964369760086,0
0.30000000000000004,0.00038415059099317073,main,0,0,-3.267078732199936,2.62798451424337,-3.2684641003714003,2.6246076988857987,-3.267078732199936,2.62798451424337,-3.267078732199936,2.62798451424337,0.023437661821711066,-0.2,-4.313555863132905e-06,0.32,0.005135495105554205,0.004038536170691648,0
0.35000000000000003,0.0004705587147071928,main,0,0,-3.2666335946193583,2.629064001772561,-3.2681186259448816,2.6256441221653564,-3.2666335946193583,2.629064001772561,-3.2666335946193583,2.629064001772561,0.02335329348354157,-0.2,-2.7507328970061444e-05,0.32,0.0051345341357633915,0.004257735763705997,0
0.4,0.000558684042996076,main,0,0,-3.266178872567184,2.630136182939408,-3.267766285841384,2.626701142475848,-3.266178872567184,2.630136182939408,-3.266178872567184,2.630136182939408,0.023292441686309555,-0.2,-6.106680731007917e-05,0.32,0.005133843063366289,0.0044329572236380555,0
0.45,0.0006479188625448593,main,0,0,-3.2657143813950693,2.6312016306344663,-3.267409509802464,2.6277714705926067,-3.2657143813950693,2.6312016306344663,-3.2657143813950693,2.6312016306344663,0.023245910090834505,-0.2,-0.00010539842249108642,0.32,0.0051333157744168295,0.00457302893379381,0
0.5,0.0007378520554644538,main,0,0,-3.2652400443866894,2.6322606271130367,-3.267049941547612,2.6288501753571643,-3.2652400443866894,2.6322606271130367,-3.2652400443866894,2.6322606271130367,0.02320749136932505,-0.2,-0.00016066470585713232,0.32,0.005132881173292651,0.004684999381693578,0
0.55,0.0008282027685181654,main,0,0,-3.2647558626436237,2.633313259133516,-3.266688703976002,2.629933888071994,-3.2647558626436237,2.633313259133516,-3.2647558626436237,2.633313259133516,0.023172968138388123,-0.2,-0.00022687161101483792,0.32,0.005132491220728575,0.004774497749500578,0
0.6000000000000001,0.0009187763491317662,main,0,0,-3.2642618945145974,2.6343594812548083,-3.266326575341849,2.6310202739744524,-3.2642618945145974,2.6343594812548083,-3.2642618945145974,2.6343594812548083,0.02313944890938429,-0.2,-0.0003039252979410098,0.32,0.005132113135889907,0.004846020826778444,0
0.65,0.001009435079795159,main,0,0,-3.2637582415606925,2.635399158052571,-3.2659641062632643,2.6321076812102078,-3.2637582415606925,2.635399158052571,-3.2637582415606925,2.635399158052571,0.023104927109026743,-0.2,-0.0003916673426530657,0.32,0.005131724285440733,0.004903161518510902,0
0.7000000000000001,0.001100078747752811,main,0,0,-3.2632450389837673,2.6364320923876967,-3.265601697407947,2.633194907776158,-3.2632450389837673,2.6364320923876967,-3.2632450389837673,2.6364320923876967,0.023067988431104736,-0.2,-0.0004898957641671872,0.32,0.005131308821893598,0.004948790979187442,0
0.75,0.0011906317519385663,main,0,0,-3.2627224490931983,2.6374580444508036,-3.265239651041865,2.6342810468744053,-3.2627224490931983,2.6374580444508036,-3.2627224490931983,2.6374580444508036,0.023027616720090648,-0.2,-0.0005983771975006406,0.32,0.005130855467611325,0.004985203876872219,0
0.8,0.0012810345555489832,main,0,0,-3.262190656833728,2.6384767447077953,-3.2648782052033187,2.6353653843900435,-3.262190656833728,2.6384767447077953,-3.262190656833728,2.6384767447077953,0.022983065250983946,-0.2,-0.0007168537875609942,0.32,0.00513035605205196,0.005014234311908167,0
0.8500000000000001,0.001371238027809517,main,0,0,-3.2616498667057128,2.6394879028119798,-3.26451755632553,2.6364473310234082,-3.2616498667057128,2.6394879028119798,-3.2616498667057128,2.6394879028119798,0.022933771379494275,-0.2,-0.0008450470901403633,0.32,0.00512980454542041,0.005037348358610616,0
0.9,0.0014611997069339851,main,0,0,-3.2611003006212327,2.640491213846661,-3.264157874177969,2.637526377466093,-3.2611003006212327,2.640491213846661,-3.2611003006212327,2.640491213846661,0.02287929993268315,-0.2,-0.0009826603869416146,0.32,0.005129196419861813,0.005055717970860856,0
0.9500000000000001,0.0015508813408052935,main,0,0,-3.2605421963851917,2.6414863627979153,-3.2637993116991266,2.638602064902619,-3.2605421963851917,2.6414863627979153,-3.2605421963851917,2.6414863627979153,0.02281930562895609,-0.2,-0.0011293802486199848,0.32,0.005128528226837393,0.005070280022056164,0
1.0,0.0016402472775324138,main,0,0,-3.259975806590323,2.642473027850367,-3.2634420114313496,2.639673965705951,-3.259975806590323,2.642473027850367,-3.259975806590323,2.642473027850367,0.02275350808523045,-0.2,-0.001284877818578245,0.32,0.005127797317119752,0.005081783481068882,0
1.05,0.0017292634213204447,main,0,0,-3.2594013977833285,2.6434508828960745,-3.2630861096954447,2.6407416709136657,-3.2594013977833285,2.6434508828960745,-3.2594013977833285,2.6434508828960745,0.022681675140674554,-0.2,-0.0014488100686852695,0.32,0.005127001654765377,0.005090827115808182,0
1.1,0.0018178965643121572,main,0,0,-3.258819249806009,2.644419599512867,-3.262731739262093,2.641804782213721,-3.258819249806009,2.644419599512867,-3.258819249806009,2.644419599512867,0.022603611668462382,-0.2,-0.0016208211457631593,0.32,0.005126139692902032,0.005097889631226951,0
1.1500000000000001,0.0019061139683538828,main,0,0,-3.2582296552470082,2.6453788485803615,-3.2623790310240204,2.642862906927938,-3.2582296552470082,2.6453788485803615,-3.2582296552470082,2.6453788485803615,0.02251915200439518,-0.2,-0.0018005438509341954,0.32,0.005125210290075086,0.005103353762996579,0
1.2000000000000002,0.00199388311272241,main,0,0,-3.2576329189613937,2.646328301643926,-3.262028115004629,2.6439156549861123,-3.2576329189613937,2.646328301643926,-3.2576329189613937,2.646328301643926,0.022428154756736818,-0.2,-0.0019876012512108805,0.32,0.005124212653128245,0.005107525541022912,0
1.25,0.0020811715518418124,main,0,0,-3.257029357629891,2.64726763209885,-3.2616791209268694,2.644962637219391,-3.257029357629891,2.64726763209885,-3.257029357629891,2.64726763209885,0.02233049918325016,-0.2,-0.002181608400341497,0.32,0.00512314629738718,0.005110649692295766,0
1.3,0.002167946845648549,main,0,0,-3.256419299339407,2.6481965162421552,-3.261332178491652,2.6460034645250436,-3.256419299339407,2.6481965162421552,-3.256419299339407,2.6481965162421552,0.022226082601054988,-0.2,-0.0023821741356080577,0.32,0.0051220110180934956,0.0051129219574553115,0
1.35,0.0022977244173081834,main,0,0,-3.255789170281889,2.649135363435263,-3.2608133056100637,2.647560083169809,-3.255789170281889,2.649135363435263,-3.255789170281889,2.649135363435263,0.022614125507173358,-0.2,-0.0027856297396008653,0.32,0.005126255619956341,0.005115588689955518,0
1.4000000000000001,0.002414893288124696,main,0,0,-3.2551436559061746,2.6500766532798714,-3.260344844466465,2.648965466600603,-3.2551436559061746,2.6500766532798714,-3.2551436559061746,2.6500766532798714,0.02282731154400088,-0.2,-0.0031525556485130415,0.32,0.005128617297168495,0.005118194411398113,0
1.4500000000000002,0.0025235351892891073,main,0,0,-3.2537243498250525,2.6521025509436673,-3.2597998173624334,2.6502001826375663,-3.2537243498250525,2.6521025509436673,-3.2537243498250525,2.6521025509436673,0.049471976293995794,-0.2,-0.0033839436782879886,0.32,0.005578412954961537,0.005210238120110799,0
1.5,0.002657388779006767,main,0,0,-3.2523049196186884,2.6540861169195504,-3.258603141986609,2.65139685801339,-3.2523049196186884,2.6540861169195504,-3.2523049196186884,2.6540861169195504,0.048782439838205405,-0.2,-0.002986793548914909,0.32,0.00556321095154759,0.005280832686398157,0
1.55,0.002808182384501252,main,0,0,-3.250878913977956,2.6560373430388893,-3.257255019796479,2.6527449802035203,-3.250878913977956,2.6560373430388893,-3.250878913977956,2.6560373430388893,0.04833539264841209,-0.2,-0.0026314669465048544,0.32,0.005553447168758272,0.00533535558287018,0
1.6,0.0029704017208493673,main,0,0,-3.249442136774277,2.6579625953962513,-3.2558047494996583,2.6541952505003414,-3.249442136774277,2.6579625953962513,-3.249442136774277,2.6579625953962513,0.04804550081970221,-0.2,-0.0023112665882036765,0.32,0.00554715470962721,0.005377715408221586,0
1.6500000000000001,0.0031403640035177083,main,0,0,-3.2479919263527712,2.6598658414440726,-3.254285255858008,2.6557147441419917,-3.2479919263527712,2.6598658414440726,-3.2479919263527712,2.6598658414440726,0.04785584931935127,-0.2,-0.002021724182501095,0.32,0.005543054734096519,0.0054107832733965725,0
1.7000000000000002,0.003315602507708553,main,0,0,-3.246526668308492,2.66174946149594,-3.2527185918387334,2.6572814081612663,-3.246526668308492,2.66174946149594,-3.246526668308492,2.66174946149594,0.04772842187260164,-0.2,-0.001760019898865757,0.32,0.0055403073593548475,0.005436688090588228,0
1.75,0.0034944575501820946,main,0,0,-3.245045466529507,2.663614785115738,-3.2511195953110983,2.658880404688902,-3.245045466529507,2.663614785115738,-3.245045466529507,2.663614785115738,0.047637761982037015,-0.2,-0.001524446982030643,0.32,0.005538356337095237,0.00545702173988963,0
1.8,0.003675804695466608,main,0,0,-3.243547921298441,2.665462445661774,-3.249498318932215,2.6605016810677853,-3.243547921298441,2.665462445661774,-3.243547921298441,2.665462445661774,0.04756675819294573,-0.2,-0.0013140057638714345,0.32,0.005536830430170788,0.0054729834779458615,0
1.85,0.0038588741718647503,main,0,0,-3.242033979691055,2.6672926147706826,-3.24786164460071,2.66213835539929,-3.242033979691055,2.6672926147706826,-3.242033979691055,2.6672926147706826,0.04750384471925729,-0.2,-0.001128122218979983,0.32,0.0055354799392443605,0.0054854827702055615,0
1.9000000000000001,0.004043130906911812,main,0,0,-3.240503834725506,2.6691051576426705,-3.2462143559614907,2.6637856440385086,-3.240503834725506,2.6691051576426705,-3.240503834725506,2.6691051576426705,0.0474411436556474,-0.19334137122960723,-0.000966462780724361,0.32,0.005384209219697936,0.005465228060104037,0
1.9500000000000002,0.004228194849692937,main,0,0,-3.2389584319165023,2.670900277416401,-3.244559850738686,2.6654401492613142,-3.2389584319165023,2.670900277416401,-3.2389584319165023,2.670900277416401,0.047373937324716,-0.17282843250677699,-0.0008288167477230129,0.32,0.0049273995952057205,0.005357662367124374,0
2.0,0.004413787508846582,main,0,0,-3.237399967765551,2.6726792441036267,-3.2429006186955904,2.6670993813044097,-3.237399967765551,2.6726792441036267,-3.237399967765551,2.6726792441036267,0.04730130224024939,-0.15332369192486334,-0.0007142375825908327,0.32,0.004504012605441672,0.005186932414787834,0
2.0500000000000003,0.004599698395605022,main,0,0,-3.2358305204258557,2.674443278942318,-3.2412385416399756,2.6687614583600245,-3.2358305204258557,2.674443278942318,-3.2358305204258557,2.674443278942318,0.0472228074734779,-0.13480326638426446,-0.0006201661959987607,0.32,0.004114903918272067,0.004972526715484682,0
2.1,0.004785765790350255,main,0,0,-3.234252040542888,2.676193566746115,-3.2395750653745647,2.6704249346254354,-3.234252040542888,2.676193566746115,-3.234252040542888,2.676193566746115,0.04713854531932245,-0.11723785975701893,-0.0005441832500229812,0.32,0.0037610574958793046,0.004730232871563607,0
2.15,0.004971863640083067,main,0,0,-3.232666348151891,2.677931261814102,-3.2379113168360396,2.6720886831639605,-3.232666348151891,2.677931261814102,-3.232666348151891,2.677931261814102,0.047048929884413414,-0.10059449602133483,-0.0004840010950551564,0.32,0.0034436227147857453,0.004472910840208034,0
2.2,0.005157892537860896,main,0,0,-3.231075133692372,2.6796574900283283,-3.2362481847405014,2.673751815259499,-3.231075133692372,2.6796574900283283,-3.231075133692372,2.6796574900283283,0.04695456230771649,-0.08483784431652505,-0.0004374590422202948,0.32,0.0031638962840846168,0.004211107928983351,0
2.25,0.005343773426575608,main,0,0,-3.2294799617654593,2.681373348799715,-3.2345863758728397,2.675413624127161,-3.2294799617654593,2.681373348799715,-3.2294799617654593,2.681373348799715,0.04685614068510842,-0.06993123222990155,-0.00040252005859315156,0.32,0.0029232226352949985,0.0039535308702456804,0
2.3000000000000003,0.005531634017854596,main,0,0,-3.2278813642202264,2.6830808805169917,-3.2329068681050948,2.6770931318949054,-3.2278813642202264,2.6830808805169917,-3.2278813642202264,2.6830808805169917,0.04678110164213434,-0.05571186609106321,-0.0003730597742278522,0.32,0.002722326430045252,0.0037072899822055954,0
2.35,0.0057178885121450295,main,0,0,-3.2262812863722137,2.68478047921033,-3.2312417191358063,2.6787582808641943,-3.2262812863722137,2.68478047921033,-3.2262812863722137,2.68478047921033,0.04668569304658166,-0.042352242209425066,-0.0003538642862069368,0.32,0.0025631923651381065,0.003478470458792098,0
2.4000000000000004,0.005902881601747179,main,0,0,-3.221128722779871,2.6902303497066686,-3.2296766808633497,2.680484978704976,-3.221128722779871,2.6902303497066686,-3.221128722779871,2.6902303497066686,0.15,0.16395452141838202,-0.00042511396094695305,0.12,0.008546968947144655,0.0044921701564626096,0
2.45,0.006207790128540634,main,0,0,-3.216021008364739,2.6957222759127877,-3.2275382795186673,2.683692580721999,-3.216021008364739,2.6957222759127877,-3.216021008364739,2.6957222759127877,0.15,0.13648171467039108,-0.001488480937027501,0.12,0.008239662403557974,0.005241668605881683,0
2.5,0.0065968794603629465,main,0,0,-3.2109508899619397,2.701248929455538,-3.2248094966960936,2.68778575495586,-3.2109508899619397,2.701248929455538,-3.2109508899619397,2.701248929455538,0.15,0.10452743033750478,-0.0023198567938504484,0.12,0.007942212525996887,0.005781777389904724,0
2.5500000000000003,0.007045086137198224,main,0,0,-3.205909725017185,2.706802005720076,-3.2216661088396776,2.692500836740483,-3.205909725017185,2.706802005720076,-3.205909725017185,2.706802005720076,0.15,0.0698895957422986,-0.002963619382887475,0.12,0.007700834191543029,0.006165588750232385,0
2.6,0.007559088106057072,main,0,0,-3.200887995925481,2.7123726642924115,-3.218061281802087,2.697908077296869,-3.200887995925481,2.7123726642924115,-3.200887995925481,2.7123726642924115,0.15,0.032323463736155265,-0.0034780861196211862,0.12,0.007543407979318103,0.0064411525960495295,0
2.6500000000000004,0.008096610502886476,main,0,0,-3.1958752765372913,2.7179514315698006,-3.214291499998132,2.703562750002802,-3.1958752765372913,2.7179514315698006,-3.1958752765372913,2.7179514315698006,0.15,-0.005038853156794337,-0.003908423061446584,0.12,0.007501057843778403,0.006653133645595305,0
2.7,0.008650582082178213,main,0,0,-3.1908611517787526,2.723528935752301,-3.2104063558779234,2.7093904661831147,-3.1908611517787526,2.723528935752301,-3.1908611517787526,2.723528935752301,0.15,-0.041496135185318646,-0.004286563163288835,0.12,0.007571407119688755,0.0068367883404139955,0
2.75,0.009216070476317291,main,0,0,-3.1906647693417773,2.7237464739014148,-3.2054624353031147,2.714537564696886,-3.1906647693417773,2.7237464739014148,-3.1906647693417773,2.7237464739014148,0.005861361885166904,-0.2,-0.0028134168575826993,0.32,0.005008581526527362,0.006471146977636669,0
2.8000000000000003,0.009618857187555284,main,0,0,-3.19031038729873,2.72413122640888,-3.201861449030991,2.718138550969009,-3.19031038729873,2.72413122640888,-3.19031038729873,2.72413122640888,0.010461761313186798,-0.2,-0.0024486850488617254,0.32,0.00502728765085448,0.006182375112280232,0
2.85,0.00991320922017158,main,0,0,-3.1898485562044656,2.7246226819534636,-3.1992298884579897,2.7207701115420106,-3.1898485562044656,2.7246226819534636,-3.1898485562044656,2.7246226819534636,0.013488017080826259,-0.2,-0.002447425807043544,0.32,0.005045276653656421,0.00595495542055547,0
2.9000000000000004,0.010135250060680497,main,0,0,-3.189312888711962,2.7251814074742358,-3.197244803061141,2.7227551969388593,-3.189312888711962,2.7251814074742358,-3.189312888711962,2.7251814074742358,0.01548048926988114,-0.2,-0.0025552236527119094,0.32,0.005059556687110665,0.005775875673866509,0
2.95,0.010309040575286785,main,0,0,-3.188725850278705,2.725781584313417,-3.1956910843314468,2.724308915668553,-3.188725850278705,2.725781584313417,-3.188725850278705,2.725781584313417,0.016790787478979646,-0.2,-0.002674870735840376,0.32,0.005069992737707768,0.005634699086634762,0
3.0,0.010450613250611881,main,0,0,-3.188102516414098,2.7264062486975162,-3.194425398929894,2.7255746010701065,-3.188102516414098,2.7264062486975162,-3.188102516414098,2.7264062486975162,0.017649370521674566,-0.2,-0.0027754186920655056,0.32,0.005077277882835131,0.005523214845874836,0
3.0500000000000003,0.010570653266339214,main,0,0,-3.1874530373960215,2.727044225437521,-3.1933522194116053,2.726647780588395,-3.1874530373960215,2.727044225437521,-3.1874530373960215,2.727044225437521,0.018208100567702473,-0.2,-0.0028519195854924805,0.32,0.00508220791740238,0.005435013460180344,0
3.1,0.010676282445661107,main,0,0,-3.186784269534935,2.7276881362313103,-3.192407875385198,2.7275921246148025,-3.186784269534935,2.7276881362313103,-3.186784269534935,2.7276881362313103,0.01856740759913138,-0.2,-0.0029083728891046677,0.32,0.005085456868598882,0.005365102141864053,0
3.1500000000000004,0.010772247233877392,main,0,0,-3.1861008617435367,2.728333098399889,-3.1915499327685906,2.7284500672314094,-3.1861008617435367,2.728333098399889,-3.1861008617435367,2.728333098399889,0.018793854402346943,-0.2,-0.0029508835370980766,0.32,0.005087535985940583,0.005309588910679359,0
3.2,0.010861710219908236,main,0,0,-3.185405982438836,2.7289758713831826,-3.19075011744308,2.7292498825569202,-3.185405982438836,2.7289758713831826,-3.185405982438836,2.7289758713831826,0.01893160696986839,-0.2,-0.002985169492991331,0.32,0.005088812666639722,0.005265433661871432,0
3.25,0.010946777685007413,main,0,0,-3.184701807219052,2.729614295521198,-3.189989598872135,2.730010401127865,-3.184701807219052,2.729614295521198,-3.184701807219052,2.729614295521198,0.01900997759239123,-0.2,-0.003015846415996862,0.32,0.00508954301682942,0.005230255532863029,0
3.3000000000000003,0.011028851288296913,main,0,0,-3.1839898466429597,2.730246922472149,-3.189255845968915,2.730744154031085,-3.1839898466429597,2.730246922472149,-3.1839898466429597,2.730246922472149,0.01904840907771045,-0.2,-0.00304638738634355,0.32,0.005089902230984246,0.005202184872487273,0
3.35,0.011108862546187058,main,0,0,-3.183271166790212,2.7308727716394294,-3.1885405308077175,2.731459469192283,-3.183271166790212,2.7308727716394294,-3.183271166790212,2.7308727716394294,0.01905977870733383,-0.2,-0.0030793005823566404,0.32,0.005090008635643968,0.005179749625118612,0
3.4000000000000004,0.011187429180656244,main,0,0,-3.1825465377781343,2.731491169606535,-3.1878381308419863,2.732161869158014,-3.1825465377781343,2.731491169606535,-3.1825465377781343,2.731491169606535,0.019052593008457252,-0.2,-0.0031163456184785943,0.32,0.005089941379904469,0.005161787976075784,0
3.45,0.011264959377214587,main,0,0,-3.1818165338080138,2.7321016443153927,-3.187144996819209,2.7328550031807914,-3.1818165338080138,2.7321016443153927,-3.1818165338080138,2.7321016443153927,0.019032447730619042,-0.2,-0.003158725946161476,0.32,0.00508975295731978,0.005147380972324583,0
3.5,0.011341721311388164,main,0,0,-3.1810816005747933,2.732703855372054,-3.18645873120153,2.7335412687984704,-3.1810816005747933,2.732703855372054,-3.1810816005747933,2.732703855372054,0.019002999911138383,-0.2,-0.003207241652150232,0.32,0.005089477872439954,0.005135800352347657,0
3.5500000000000003,0.011417889516901952,main,0,0,-3.1803421006908184,2.733297548203156,-3.1857777736257837,2.7342222263742166,-3.1803421006908184,2.733297548203156,-3.1803421006908184,2.733297548203156,0.018966615471413928,-0.2,-0.0032624043097179084,0.32,0.005089138557369008,0.005126467993351928,0
3.6,0.01149357581210868,main,0,0,-3.179598344293626,2.7338825239611344,-3.185101124415611,2.7348988755843893,-3.179598344293626,2.7338825239611344,-3.179598344293626,2.7338825239611344,0.018924800826286992,-0.2,-0.003324520710051598,0.32,0.00508874937639749,0.005118924269961041,0
3.6500000000000004,0.011568849930010077,main,0,0,-3.178850609666694,2.734458619829027,-3.1844281601453255,2.735571839854675,-3.178850609666694,2.734458619829027,-3.178850609666694,2.734458619829027,0.01887849063156564,-0.2,-0.0033937528011087387,0.32,0.005088319321869891,0.0051128032803428106,0
3.7,0.011643753282843448,main,0,0,-3.1780991571259007,2.7350256961925403,-3.1837585105820114,2.7362414894179885,-3.1780991571259007,2.7350256961925403,-3.1780991571259007,2.7350256961925403,0.018828239674706936,-0.2,-0.0034701601075434107,0.32,0.005087853822892277,0.0051078133888527045,0
3.75,0.011718308149073313,main,0,0,-3.17734423836273,2.735583628346654,-3.183091976552156,2.7369080234478442,-3.17734423836273,2.735583628346654,-3.17734423836273,2.735583628346654,0.018774350881781084,-0.2,-0.0035537295345569506,0.32,0.005087355956445328,0.00510372190237123,0
3.8000000000000003,0.011792523808375388,main,0,0,-3.1765861027199027,2.7361323011962693,-3.1824284750937744,2.737571524906226,-3.1765861027199027,2.7361323011962693,-3.1765861027199027,2.7361323011962693,0.018716960745059803,-0.2,-0.0036443962130261725,0.32,0.005086827257616416,0.005100342973420268,0
3.85,0.011921841427884222,main,0,0,-3.1757986503932862,2.736690277848295,-3.181272352114534,2.738727647885467,-3.1757986503932862,2.736690277848295,-3.1757986503932862,2.736690277848295,0.019302011407100937,-0.2,-0.004012421927501545,0.32,0.0050922901636590145,0.0050987324114680176,0
3.9000000000000004,0.012034276285026393,main,0,0,-3.1749911029787685,2.73725044841324,-3.180267164093726,2.739732835906275,-3.1749911029787685,2.73725044841324,-3.1749911029787685,2.73725044841324,0.019656285391955155,-0.2,-0.004312521519825531,0.32,0.0050956769803946495,0.005098121325253344,0
3.95,0.012135362016736477,main,0,0,-3.1733263182363465,2.73838076854951,-3.1791459642195625,2.7402846785934796,-3.1733263182363465,2.73838076854951,-3.1733263182363465,2.73838076854951,0.04024490948709113,-0.2,-0.004204381310993478,0.32,0.00538972465428969,0.005156441991060614,0
4.0,0.01225207810373614,main,0,0,-3.171669009002582,2.739481962576885,-3.1777460117097074,2.740751329430098,-3.171669009002582,2.739481962576885,-3.171669009002582,2.739481962576885,0.03979599066361891,-0.2,-0.0036829466878176764,0.32,0.00538138478295749,0.005201430549439989,0
4.05,0.012379348617771981,main,0,0,-3.1700131313147146,2.740558492878181,-3.1762194639977754,2.7412601786674085,-3.1700131313147146,2.740558492878181,-3.1700131313147146,2.740558492878181,0.039501131157397194,-0.2,-0.003192434148679389,0.32,0.0053759509304665415,0.0052363346256453,0
4.1000000000000005,0.012513789943633027,main,0,0,-3.16835468853803,2.741613248356015,-3.174606905897126,2.7417976980342913,-3.16835468853803,2.741613248356015,-3.16835468853803,2.741613248356015,0.03930873471155245,-0.2,-0.0027284230096185527,0.32,0.005372424179228308,0.005263552536361901,0
4.15,0.012653145192779552,main,0,0,-3.1666910672425663,2.7426480789066243,-3.172935407684504,2.7423548641051654,-3.1666910672425663,2.7426480789066243,-3.1666910672425663,2.7426480789066243,0.039184231947022016,-0.2,-0.0022880716141869192,0.32,0.005370149912543765,0.005284872011598274,0
4.2,0.01279590725288195,main,0,0,-3.1650205908085236,2.74366414775785,-3.171223046436882,2.742925651187706,-3.1650205908085236,2.74366414775785,-3.1650205908085236,2.74366414775785,0.03910441114311051,-0.2,-0.001869626978196827,0.32,0.005368695132629693,0.0053016366358045585,0
4.25,0.012941067614715637,main,0,0,-3.1633422196500063,2.7446621636680946,-3.1694819187302863,2.7435060270899045,-3.1633422196500063,2.7446621636680946,-3.1633422196500063,2.7446621636680946,0.039053632368038604,-0.2,-0.0014720514780799327,0.32,0.005367770999478586,0.005314863508539364,0
4.3,0.013087949041328355,main,0,0,-3.161655350057775,2.7456425339687778,-3.167720147691491,2.7440932841028367,-3.161655350057775,2.7456425339687778,-3.161655350057775,2.7456425339687778,0.039021301606460494,-0.2,-0.001094761328433354,0.32,0.005367183148324229,0.005325327436496337,0
4.3500000000000005,0.0132360941129098,main,0,0,-3.159959679311272,2.746605465501797,-3.1659432198479136,2.7446855933840286,-3.159959679311272,2.746605465501797,-3.159959679311272,2.746605465501797,0.03900018675764966,-0.2,-0.0007374518421114883,0.32,0.0053667994575750146,0.005333621840712072,0
4.4,0.013385191001945705,main,0,0,-3.1582551152829814,2.7475510312871863,-3.1641548754184265,2.7452817081938576,-3.1582551152829814,2.7475510312871863,-3.1582551152829814,2.7475510312871863,0.03898529559226778,-0.2,-0.00039998416688301255,0.32,0.005366528969551899,0.005340203266480038,0
4.45,0.013535024050894446,main,0,0,-3.1565417158891074,2.7484792146683628,-3.1623577011100075,2.745880766296664,-3.1565417158891074,2.7484792146683628,-3.1565417158891074,2.7484792146683628,0.03897312854785961,-0.2,-8.231340249340458e-05,0.32,0.005366308029923286,0.005345424219168687,0
4.5,0.013685440870784537,main,0,0,-3.1548196485438944,2.7493899386659724,-3.1605535247540084,2.7464821584153305,-3.1548196485438944,2.7493899386659724,-3.1548196485438944,2.7493899386659724,0.0389611814054505,-0.2,0.00021555632432836255,0.32,0.005366091141722229,0.005349557603679396,0
4.55,0.013836330443182655,main,0,0,-3.1530891630071647,2.7502830856242158,-3.158743677962364,2.747085440679212,-3.1530891630071647,2.7502830856242158,-3.1530891630071647,2.7502830856242158,0.03894761446789525,-0.2,0.0004935996244407488,0.32,0.005365844917797112,0.00535281506650294,0
4.6000000000000005,0.013987608550196054,main,0,0,-3.1513505731878846,2.7511585104902974,-3.156929170887601,2.7476902763708,-3.1513505731878846,2.7511585104902974,-3.1513505731878846,2.7511585104902974,0.0389310326390531,-0.2,0.0007517868805740904,0.32,0.005365544078269915,0.005355360868856335,0
4.65,0.014139208084722774,main,0,0,-3.1496042449267745,2.7520160499205177,-3.1551108084466626,2.748296397184446,-3.1496042449267745,2.7520160499205177,-3.1496042449267745,2.7520160499205177,0.038910339345395,-0.2,0.0009900946707036735,0.32,0.005365168801625298,0.005357322455410128,0
4.7,0.014296829052159964,main,0,0,-3.1478473321647407,2.7528570871119835,-3.1532202218562286,2.7489265927145903,-3.1478473321647407,2.7528570871119835,-3.1478473321647407,2.7528570871119835,0.03895682744180147,-0.19829414791462355,0.0012161859785509922,0.32,0.005326297184401854,0.005351117401208474,0
4.75,0.01445337515753591,main,0,0,-3.1460812344999085,2.7536810991729843,-3.1513425277117215,2.7495524907627593,-3.1460812344999085,2.7536810991729843,-3.1460812344999085,2.7536810991729843,0.038977413143508124,-0.17958549381422872,0.0014217443471942173,0.32,0.0048943784417649775,0.005259769609319775,0
4.800000000000001,0.014609183128428151,main,0,0,-3.144843603895108,2.754245067079169,-3.1495037874676144,2.7502481062661928,-3.144843603895108,2.754245067079169,-3.144843603895108,2.754245067079169,0.027201391972802205,-0.17533817170535604,0.0015909866901809512,0.32,0.00458960356117568,0.005125736399690957,0
4.8500000000000005,0.014750499349955867,main,0,0,-3.1435805540542248,2.754807298650174,-3.1479057081161494,2.751047145941925,-3.1435805540542248,2.754807298650174,-3.1435805540542248,2.754807298650174,0.0276506726138062,-0.2,0.0016864183132065775,0.32,0.005187619804880537,0.005138113080728873,0
4.9,0.014882192392027774,main,0,0,-3.1422988512736323,2.75536254420798,-3.146416452820533,2.7517917735897335,-3.1422988512736323,2.75536254420798,-3.1422988512736323,2.75536254420798,0.027936067348443804,-0.2,0.0017404363894815975,0.32,0.005191440999110041,0.005148778664405106,0
4.95,0.015007470946365696,main,0,0,-3.1410037154708514,2.755908292972912,-3.1449997359800705,2.7525001320099647,-3.1410037154708514,2.755908292972912,-3.1410037154708514,2.755908292972912,0.028108493108453824,-0.2,0.001765178838536492,0.32,0.005193767270687878,0.005157776385661661,0
5.0,0.015128443672314286,main,0,0,-3.1396988660883833,2.756442833410655,-3.1436317117480406,2.7531841441259797,-3.1396988660883833,2.756442833410655,-3.1396988660883833,2.756442833410655,0.028201882139388294,-0.2,0.0017680616390415918,0.32,0.005195032761254626,0.005165227660780254,0
5.050000000000001,0.015246489532155275,main,0,0,-3.138387040820095,2.7569649738225004,-3.1422967860820528,2.7538516069589734,-3.138387040820095,2.7569649738225004,-3.138387040820095,2.7569649738225004,0.028238386244274417,-0.2,0.0017530840727296377,0.32,0.005195528475930091,0.0051712878238102215,0
5.1000000000000005,0.015362503052000502,main,0,0,-3.137070332961891,2.757473864529755,-3.140984843202806,2.7545075783985973,-3.137070332961891,2.757473864529755,-3.137070332961891,2.757473864529755,0.028232529718657622,-0.2,0.0017224326221143868,0.32,0.0051954489060894,0.005176120040266058,0
5.15,0.015477056957972276,main,0,0,-3.135750410173598,2.757968884844568,-3.139689406417247,2.7551552967913766,-3.135750410173598,2.757968884844568,-3.135750410173598,2.757968884844568,0.028193909123303353,-0.2,0.0016773543009766315,0.32,0.005194924569147411,0.005179880946042329,0
5.2,0.015590510179362011,main,0,0,-3.134428655580212,2.758449571354198,-3.138406416761141,2.7557967916194297,-3.134428655580212,2.758449571354198,-3.134428655580212,2.758449571354198,0.02812895110505554,-0.2,0.0016186355483676002,0.32,0.0051940441590032724,0.005182713588634518,0
5.25,0.01570307969525411,main,0,0,-3.1331062580470737,2.7589155724905465,-3.1371334205190475,2.756433289740476,-3.1331062580470737,2.7589155724905465,-3.1331062580470737,2.7589155724905465,0.028042056235079493,-0.2,0.0015468640654379983,0.32,0.00519286937008123,0.00518474474492386,0
5.300000000000001,0.015814888429177453,main,0,0,-3.131784269305649,2.7593666197408324,-3.135869027606014,2.7570654861969928,-3.131784269305649,2.7593666197408324,-3.131784269305649,2.7593666197408324,0.027936340880246914,-0.2,0.0014625691935693187,0.32,0.005191444678935036,0.005186084731726095,0
5.3500000000000005,0.015925997257489565,main,0,0,-3.1304636396131706,2.7598025093078995,-3.1346125495996575,2.757693725200171,-3.1304636396131706,2.7598025093078995,-3.1304636396131706,2.7598025093078995,0.027814115116850377,-0.2,0.001366293468073132,0.32,0.005189803705279456,0.0051868285264367675,0
5.4,0.016036426463833395,main,0,0,-3.1291452396810646,2.760223090253377,-3.1333637571217032,2.758318121439148,-3.1291452396810646,2.760223090253377,-3.1291452396810646,2.760223090253377,0.02767718708739229,-0.2,0.0012586249175104511,0.32,0.005187973276017807,0.005187057476352976,0
5.45,0.01614594405065651,main,0,0,-3.1278299867796244,2.760628221853672,-3.1321252737244527,2.7589373631377736,-3.1278299867796244,2.760628221853672,-3.1278299867796244,2.760628221853672,0.027524692974160724,-0.2,0.001141184200092034,0.32,0.005185944639918869,0.005186834909066155,0
5.5,0.016253814595344633,main,0,0,-3.1265190829615,2.7610177046030087,-3.1309054159598326,2.7595472920200836,-3.1265190829615,2.7610177046030087,-3.1265190829615,2.7610177046030087,0.02735079985963055,-0.2,0.0010181559013672159,0.32,0.005183644049546918,0.0051861967371623074,0
5.550000000000001,0.016360429015776806,main,0,0,-3.126099906065854,2.7611376978549163,-3.129664324962995,2.76,-3.126099906065854,2.7611376978549163,-3.126099906065854,2.7611376978549163,0.008720267205694722,-0.05771565504744649,0.0009699352172000693,0.32,0.0015073298158728146,0.004450423352904409,0
5.6000000000000005,0.016445005311753153,main,0,0,-3.1256443875713154,2.7612666731491196,-3.128594999296778,2.76,-3.1256443875713154,2.7612666731491196,-3.1256443875713154,2.7612666731491196,0.009468510450571477,-0.007604535954657181,0.0009725124217764097,0.32,0.0005101713729816735,0.003662372956919862,0
5.65,0.01651501723166689,main,0,0,-3.125165665180059,2.761402021789471,-3.127709815782406,2.76,-3.125165665180059,2.761402021789471,-3.125165665180059,2.761402021789471,0.009949761451118713,0.03485349872528313,0.0010346697694415597,0.32,0.0010033560513128784,0.0031305695757984655,0
5.7,0.01657538466886443,main,0,0,-3.1246725567051787,2.7615423662680563,-3.126946570605327,2.76,-3.1246725567051787,2.7615423662680563,-3.1246725567051787,2.7615423662680563,0.010253829346503157,0.0714269744288252,0.0011239857404236134,0.32,0.0018578173923191562,0.0028760191391026036,0
5.75,0.016629342320201992,main,0,0,-3.1241710457675116,2.7616870403188156,-3.1262643664392784,2.76,-3.1241710457675116,2.7616870403188156,-3.1241710457675116,2.7616870403188156,0.01043922988659663,0.103566608958336,0.0012247431334089908,0.32,0.002641253558164911,0.002829066022915065,0
5.800000000000001,0.016679012494519203,main,0,0,-3.123665264631773,2.761835787550503,-3.12563637024212,2.76,-3.123665264631773,2.761835787550503,-3.123665264631773,2.761835787550503,0.010544008653329525,0.13236707746373488,0.0013295249135010397,0.32,0.003350909174222037,0.0029334346531764595,0
5.8500000000000005,0.01672578275789977,main,0,0,-3.123158138131887,2.761988584248125,-3.1250450385637674,2.7600000000000002,-3.123158138131887,2.761988584248125,-3.123158138131887,2.761988584248125,0.010592905506814286,0.1586127778182137,0.001434978082236827,0.32,0.004000535266960862,0.0031468547759333403,0
5.9,0.016770555006336244,main,0,0,-3.1226518035892794,2.762145533006317,-3.1244789684393344,2.76,-3.1226518035892794,2.762145533006317,-3.1226518035892794,2.762145533006317,0.01060202964975461,0.1828447290118628,0.0015397065187799353,0.32,0.004601752862917979,0.0034378343933302684,0
5.95,0.016813909852801897,main,0,0,-3.1221478838795127,2.762306797326453,-3.123930818989829,2.76,-3.1221478838795127,2.762306797326453,-3.1221478838795127,2.762306797326453,0.010581895006852216,0.2,0.0016432285655918562,0.32,0.0050279161940948655,0.003755850753483188,0
6.0,0.01685621521889394,main,0,0,-3.121647600727076,2.7624724309524606,-3.123395938462623,2.76,-3.121647600727076,2.7624724309524606,-3.121647600727076,2.7624724309524606,0.01053978615867235,0.2,0.001745463660081918,0.32,0.005027695071369727,0.004010219617060496,0
6.050000000000001,0.016897699660732495,main,0,0,-3.121151769743751,2.7626421108249453,-3.1228714371482234,2.76,-3.121151769743751,2.7626421108249453,-3.121151769743751,2.7626421108249453,0.010481214111951513,0.2,0.0018463431007238401,0.32,0.005027388946873924,0.004213653483023182,0
6.1000000000000005,0.01693850381481919,main,0,0,-3.1206610731312487,2.7628155342756213,-3.122355536933518,2.76,-3.1206610731312487,2.7628155342756213,-3.1206610731312487,2.7628155342756213,0.010408820466622148,0.2,0.0019454372233969073,0.32,0.005027012916112779,0.004376325369641101,0
6.15,0.016978709939468074,main,0,0,-3.120176100067901,2.762992409924893,-3.121847197799841,2.76,-3.120176100067901,2.762992409924893,-3.120176100067901,2.762992409924893,0.010324415091969085,0.2,0.002042361551026967,0.32,0.0050265777490731325,0.004506375845527507,0
6.2,0.017018361635514456,main,0,0,-3.1196973715948855,2.763172452197705,-3.1213458684876274,2.76,-3.1196973715948855,2.763172452197705,-3.1196973715948855,2.763172452197705,0.010229294616449284,0.2,0.0021367596708285774,0.32,0.005026091540240191,0.004610318984470044,0
6.25,0.017057477060312427,main,0,0,-3.119225355517205,2.763355378341475,-3.1208513194275316,2.76,-3.119225355517205,2.763355378341475,-3.119225355517205,2.763355378341475,0.01012444865981605,0.2,0.0022283006238134114,0.32,0.005025560779819715,0.004693367343539978,0
6.300000000000001,0.01709605782396366,main,0,0,-3.118760474979104,2.763540907149337,-3.120363530262515,2.76,-3.118760474979104,2.763540907149337,-3.118760474979104,2.763540907149337,0.010010691349795198,0.2,0.0023166825919766236,0.32,0.005024991030166207,0.0047596920808652245,0
6.3500000000000005,0.017134095013200675,main,0,0,-3.118303113146527,2.76372875881444,-3.1198826136859212,2.76,-3.118303113146527,2.76372875881444,-3.118303113146527,2.76372875881444,0.009888742973303881,0.2,0.0024016385519516795,0.32,0.005024387335186186,0.004812631131729417,0
6.4,0.017171573297000024,main,0,0,-3.1178536156104064,2.7639186554982174,-3.1194087635328756,2.76,-3.1178536156104064,2.7639186554982174,-3.1178536156104064,2.7639186554982174,0.009759278364468497,0.2,0.0024829416565097942,0.32,0.0050237544511537256,0.004854855795614279,0
6.45,0.017208473743486486,main,0,0,-3.1174122915723386,2.764110322308894,-3.1189422191652447,2.76,-3.1174122915723386,2.764110322308894,-3.1174122915723386,2.764110322308894,0.00962295324506135,0.2,0.002560409263132074,0.32,0.00502309696033138,0.0048885040285577,0
6.5,0.01724477576363237,main,0,0,-3.1169794144977523,2.7643034884702122,-3.1184832408968135,2.76,-3.1169794144977523,2.7643034884702122,-3.1169794144977523,2.7643034884702122,0.009480416184551152,0.2,0.0026339051853711054,0.32,0.005022419310210945,0.004915287084888349,0
6.550000000000001,0.017280458456348673,main,0,0,-3.116555222662693,2.764497888523799,-3.118032092986861,2.76,-3.116555222662693,2.764497888523799,-3.116555222662693,2.764497888523799,0.009332311477125125,0.2,0.0027033401200890336,0.32,0.005021725808301794,0.004936574829571039,0
6.6000000000000005,0.017315501537074833,main,0,0,-3.116139919841466,2.764693263457666,-3.117589031899694,2.76,-3.116139919841466,2.764693263457666,-3.116139919841466,2.764693263457666,0.009179276618620325,0.2,0.002768670417802491,0.32,0.005021020593276002,0.004953463982312032,0
6.65,0.017349885971475215,main,0,0,-3.1157336762594388,2.7648893616917114,-3.117154298292621,2.76,-3.1157336762594388,2.7648893616917114,-3.1157336762594388,2.7648893616917114,0.009021936939130367,0.2,0.0028298954765398365,0.32,0.005020307596684987,0.0049668327051866235,0
6.7,0.01738359439641861,main,0,0,-3.115336629852348,2.7650859398810534,-3.116728111693366,2.76,-3.115336629852348,2.7650859398810534,-3.115336629852348,2.7650859398810534,0.008860899139666485,0.2,0.0028870540872820045,0.32,0.005019590504603685,0.004977384265070037,0
6.75,0.017416611384783107,main,0,0,-3.1149488878196094,2.765282763521077,-3.116310667152058,2.76,-3.1149488878196094,2.765282763521077,-3.1149488878196094,2.765282763521077,0.008696744890466818,0.2,0.002940220063189645,0.32,0.0050188727249476485,0.00498568195704556,0
6.800000000000001,0.01744892359396274,main,0,0,-3.1145705284266625,2.7654796073552044,-3.115902133363612,2.76,-3.1145705284266625,2.7654796073552044,-3.1145705284266625,2.7654796073552044,0.008530025211343124,0.2,0.0029894974605658067,0.32,0.005018157363541329,0.004992177038344713,0
6.8500000000000005,0.017480519827056153,main,0,0,-3.114201602994544,2.7656762555985246,-3.115502651894099,2.76,-3.114201602994544,2.7656762555985246,-3.114201602994544,2.7656762555985246,0.008361256031591003,0.2,0.0030350156580874546,0.32,0.0050174472100923614,0.0049972310726942425,0
6.9,0.01751139102849022,main,0,0,-3.113842138009143,2.7658725019982873,-3.1151123372360816,2.76,-3.113842138009143,2.7658725019982873,-3.113842138009143,2.7658725019982873,0.008190915092937207,0.2,0.00307692451093936,0.32,0.00501674473390348,0.00500113380493609,0
6.95,0.01754153023090834,main,0,0,-3.1134921372844735,2.766068149756653,-3.1147312774801184,2.76,-3.1134921372844735,2.766068149756653,-3.1134921372844735,2.766068149756653,0.008019440195491098,0.2,0.003115389744609858,0.32,0.005016052088308246,0.005004117461610521,0
7.0,0.01774552080591029,main,0,0,-3.113094445284686,2.7662957056926096,-3.11215215817727,2.76,-3.113094445284686,2.7662957056926096,-3.113094445284686,2.7662957056926096,0.009163855753653801,0.2,0.004383478685886173,0.32,0.0050209501720972225,0.005007484003707862,0
7.050000000000001,0.017897363698013143,main,0,0,-3.112671887191976,2.7665431313097453,-3.110232359019789,2.76,-3.112671887191976,2.7665431313097453,-3.112671887191976,2.7665431313097453,0.009793360561712119,0.2,0.005420662685127363,0.32,0.005023920259889521,0.005010771254944194,0
7.1000000000000005,0.01801338876994484,main,0,0,-3.111458813699475,2.7672698234649338,-3.1094478773544796,2.7611042452910413,-3.111458813699475,2.7672698234649338,-3.111458813699475,2.7672698234649338,0.028281646250675536,0.2,0.00545731104867175,0.32,0.005196116702559685,0.005047840344467292,0
7.15,0.018122901316322108,main,0,0,-3.1102263910518753,2.76802495514655,-3.1088286641558813,2.7623426716882364,-3.1102263910518753,2.76802495514655,-3.1102263910518753,2.76802495514655,0.028907365420578323,0.2,0.004834803339204585,0.32,0.005204717998018388,0.005079215875177511,0
7.2,0.01822866398698228,main,0,0,-3.108981900683789,2.768804704144745,-3.1082306537565425,2.7635386924869145,-3.108981900683789,2.768804704144745,-3.108981900683789,2.768804704144745,0.02937185575646043,0.2,0.004195327027348232,0.32,0.005211215287861842,0.005105615757714377,0
7.25,0.018332452251785522,main,0,0,-3.1077312681564075,2.769605828018162,-3.1076438071754726,2.7647123856490534,-3.1077312681564075,2.769605828018162,-3.1077312681564075,2.769605828018162,0.029704418385839877,0.2,0.003556882226148563,0.32,0.005215925725995499,0.005127677751370602,0
7.300000000000001,0.01843537724677137,main,0,0,-3.1064796842509,2.770425327258716,-3.1070618417526132,2.765876316494772,-3.1064796842509,2.770425327258716,-3.1064796842509,2.770425327258716,0.02992016896873123,0.2,0.002932211253765484,0.32,0.005219007690911451,0.005145943739278772,0
7.3500000000000005,0.01853809802714062,main,0,0,-3.105231985595798,2.771260226809085,-3.106481031013762,2.7670379379724754,-3.105231985595798,2.771260226809085,-3.105231985595798,2.771260226809085,0.030025383881973663,0.2,0.0023310243309150025,0.32,0.005220518096238031,0.005160858610670624,0
7.4,0.018640961468497894,main,0,0,-3.10399285951293,2.772107451086706,-3.105899413631566,2.7682011727368683,-3.10399285951293,2.772107451086706,-3.10399285951293,2.772107451086706,0.030021475152527875,0.2,0.0017611070663767613,0.32,0.005220461897747464,0.005172779268085993,0
7.45,0.018744095371653748,main,0,0,-3.102766919424107,2.772963774663211,-3.1053162669860934,2.769367466027812,-3.102766919424107,2.772963774663211,-3.102766919424107,2.772963774663211,0.02990798668624836,0.2,0.0012287796700612532,0.32,0.0052188331233199315,0.005181990039132781,0
7.5,0.018847471789085652,main,0,0,-3.1015586869190375,2.7738258338717774,-3.104731749100106,2.770536501799788,-3.1015586869190375,2.7738258338717774,-3.1015586869190375,2.7738258338717774,0.02968482349875666,0.2,0.0007389982136120532,0.32,0.005215646830967302,0.005188721397499685,0
7.550000000000001,0.0189509517900879,main,0,0,-3.100372511714336,2.77469018485686,-3.104146645524934,2.7717067089501315,-3.100372511714336,2.77469018485686,-3.100372511714336,2.77469018485686,0.02935380208192883,0.16798414900837447,0.0002952924967068889,0.32,0.004448683590732805,0.005040713836146309,0
7.6000000000000005,0.019054318877712147,main,0,0,-3.0992109085068242,2.7755516600056804,-3.103562180392172,2.7728756392156564,-3.0992109085068242,2.7755516600056804,-3.0992109085068242,2.7755516600056804,0.028923771840730028,0.10679442061610471,-0.00010032319195086214,0.32,0.0030363821589916816,0.004639847500715383,0
7.65,0.019157285147726095,main,0,0,-3.098074303959831,2.7764040402291372,-3.102979981589275,2.7740400368214493,-3.098074303959831,2.7764040402291372,-3.098074303959831,2.7764040402291372,0.028414235457504038,0.05020480850268934,-0.0004495285088260911,0.32,0.0018957185153868736,0.004091021703649681,0
7.7,0.019259512552484776,main,0,0,-3.0969625921968067,2.7772421208428786,-3.102401960527954,2.7751960789440915,-3.0969625921968067,2.7772421208428786,-3.0969625921968067,2.7772421208428786,0.027844440444551834,-0.0014070390344989585,-0.00075696088013627,0.32,0.0013926663306240107,0.0035513506290445473,0
7.75,0.01944100233418369,main,0,0,-3.09585232072441,2.778078993177871,-3.101375768808775,2.7772484623824503,-3.09585232072441,2.778078993177871,-3.09585232072441,2.778078993177871,0.027806891573805864,-0.08318118643134556,-0.0015369011417831634,0.32,0.0025014998815855055,0.0033413804795527392,0
7.800000000000001,0.01959841914107949,main,0,0,-3.0947518105866583,2.7789013527093203,-3.1004856921213495,2.7790286157573005,-3.0947518105866583,2.7789013527093203,-3.0947518105866583,2.7789013527093203,0.027476519155524782,-0.14397011465430784,-0.002203458117091236,0.32,0.003852534095662809,0.0034436112027747537,0
7.8500000000000005,0.01973867664550572,main,0,0,-3.094466149123154,2.7791116266263023,-3.099333239757281,2.7801666900606796,-3.094466149123154,2.7791116266263023,-3.094466149123154,2.7791116266263023,0.007094155112330495,-0.2,-0.0023219617951161595,0.32,0.0050125659688320615,0.0037574021559862152,0
7.9,0.019844642775047584,main,0,0,-3.094143466702431,2.7793442124363827,-3.0980334774686007,2.7804916306328495,-3.094143466702431,2.7793442124363827,-3.094143466702431,2.7793442124363827,0.007955378148009482,-0.2,-0.0021665203162683734,0.32,0.0050157970556725575,0.004009081135923484,0
7.95,0.01992758554727812,main,0,0,-3.0937954394759606,2.779589815765414,-3.0970161157141427,2.780745971071464,-3.0937954394759606,2.779589815765414,-3.0937954394759606,2.779589815765414,0.008519247515969683,-0.2,-0.0020119253184701195,0.32,0.005018111591584498,0.004210887227055687,0
8.0,0.019995070307687917,main,0,0,-3.0934299578752036,2.7798422998907775,-3.0961883592695085,2.780952910182623,-3.0934299578752036,2.7798422998907775,-3.0934299578752036,2.7798422998907775,0.008884256503556103,-0.2,-0.001856122334995814,0.32,0.005019693719147753,0.0043726485254741,0
8.05,0.020052175848477027,main,0,0,-3.093052341261871,2.7800976269798583,-3.0954879125445665,2.781128021863858,-3.093052341261871,2.7800976269798583,-3.093052341261871,2.7800976269798583,0.009116714958436183,-0.2,-0.0016995745641989485,0.32,0.00502073562628847,0.004502265945636974,0
8.1,0.020102311638061126,main,0,0,-3.092666163823796,2.780353152797765,-3.094872955587128,2.7812817611032177,-3.092666163823796,2.780353152797765,-3.092666163823796,2.780353152797765,0.009261240895147698,-0.2,-0.0015434347082629821,0.32,0.005021396863154089,0.004606092129140397,0
8.15,0.020147766811169792,main,0,0,-3.092273816045506,2.7806071570458295,-3.094315410264982,2.7814211474337545,-3.092273816045506,2.7806071570458295,-3.092273816045506,2.7806071570458295,0.009347832629314724,-0.2,-0.0013888585841831207,0.32,0.005021797978529516,0.004689233299018221,0
8.200000000000001,0.02019007883431579,main,0,0,-3.091876886294203,2.780858530776632,-3.093796418278762,2.781550895430309,-3.091876886294203,2.780858530776632,-3.091876886294203,2.780858530776632,0.009396637270998386,-0.2,-0.0012367921423165145,0.32,0.005022025684920955,0.004755791776198768,0
8.25,0.020230280988828037,main,0,0,-3.0914764200482256,2.7811065684933314,-3.0933033055777077,2.7816741736055732,-3.0914764200482256,2.7811065684933314,-3.0914764200482256,2.7811065684933314,0.009421166022795689,-0.2,-0.0010879423604346398,0.32,0.005022140571815135,0.004809061535322042,0
8.3,0.020269068445229944,main,0,0,-3.091073095923363,2.7813508299869087,-3.0928275453199445,2.781793113670014,-3.091073095923363,2.7813508299869087,-3.091073095923363,2.7813508299869087,0.009430461853821136,-0.2,-0.00094281031970589,0.32,0.005022184188870379,0.00485168606603171,0
8.35,0.020306909668161868,main,0,0,-3.090667345146493,2.7815910486059745,-3.092363391398903,2.7819091521502743,-3.090667345146493,2.7815910486059745,-3.090667345146493,2.7815910486059745,0.00943056048974256,-0.2,-0.0008017379185954177,0.32,0.005022184651909523,0.004885785783207273,0
8.4,0.02034412112171091,main,0,0,-3.0902594326096477,2.7818270704229398,-3.0919069621206123,2.782023259469847,-3.0902594326096477,2.7818270704229398,-3.0902594326096477,2.7818270704229398,0.00942547475300996,-0.2,-0.000664950774309389,0.32,0.005022160783547062,0.004913060783275231,0
8.450000000000001,0.02038091734722878,main,0,0,-3.089849511837938,2.782058813944773,-3.0914556259578156,2.782136093510546,-3.089849511837938,2.782058813944773,-3.089849511837938,2.782058813944773,0.009417857484397461,-0.2,-0.0005325925307583155,0.32,0.005022125058079484,0.004934873638236081,0
8.5,0.020417444520612168,main,0,0,-3.0894376622559743,2.7822862434750366,-3.0910075899421465,2.7822481025144636,-3.0894376622559743,2.7822862434750366,-3.0894376622559743,2.7822862434750366,0.009409447792499442,-0.2,-0.0004047505559676666,0.32,0.0050220856493491265,0.004952316040458691,0
8.55,0.0204538029312474,main,0,0,-3.0890239144498475,2.7825093515398933,-3.090561623941271,2.782359594014682,-3.0890239144498475,2.7825093515398933,-3.0890239144498475,2.7825093515398933,0.009401371297392555,-0.2,-0.0002814744991592122,0.32,0.005022047834865552,0.0049662623993400636,0
8.6,0.020490062034618138,main,0,0,-3.088608267293367,2.7827281473274894,-3.0901168760261934,2.7824707809934517,-3.088608267293367,2.7827281473274894,-3.088608267293367,2.7827281473274894,0.009394342028271208,-0.2,-0.00016278939000438983,0.32,0.005022014949734738,0.004977412909418999,0
8.65,0.02052627052836385,main,0,0,-3.0881906995641217,2.7829426491135334,-3.089672748880057,2.782581812779986,-3.0881906995641217,2.7829426491135334,-3.0881906995641217,2.7829426491135334,0.0093887981067437,-0.2,-4.8704740997483696e-05,0.32,0.005021989030724964,0.004986328133680192,0
8.700000000000001,0.020562463094535265,main,0,0,-3.0877711778301546,2.78315287932699,-3.0892288170988023,2.7826927957252994,-3.0877711778301546,2.78315287932699,-3.0877711778301546,2.78315287932699,0.009384992869916987,-0.2,6.0779205083848296e-05,0.32,0.00502197124921278,0.00499345675678671,0
8.75,0.020598664909229843,main,0,0,-3.08734966181431,2.7833588613628066,-3.088784771876756,2.782803807030811,-3.08734966181431,2.7833588613628066,-3.08734966181431,2.7833588613628066,0.009383056020138086,-0.2,0.00016566723571993244,0.32,0.005021962201240811,0.00499915784567753,0
8.8,0.020634894657509728,main,0,0,-3.086926108053927,2.7835606175496195,-3.088340384026165,2.7829149039934586,-3.086926108053927,2.7835606175496195,-3.086926108053927,2.7835606175496195,0.009383034623233488,-0.2,0.00026596632747339873,0.32,0.00502196210129574,0.005003718696801173,0
8.85,0.020671166547904535,main,0,0,-3.0865004724093943,2.783758167880333,-3.087895479267653,2.783026130183087,-3.0865004724093943,2.783758167880333,-3.0865004724093943,2.783758167880333,0.009384920565715958,-0.2,0.00036168377199988504,0.32,0.005021970911411263,0.005007369139723191,0
8.9,0.02070749165751233,main,0,0,-3.0860727117960183,2.7839515292461128,-3.087449921731443,2.783137519567139,-3.0860727117960183,2.7839515292461128,-3.0860727117960183,2.7839515292461128,0.009388668918051167,-0.2,0.0004528259679857293,0.32,0.005021988426921253,0.005010292997162803,0
8.950000000000001,0.02074387882929532,main,0,0,-3.0856427853923303,2.784140715002326,-3.0870036029512846,2.7832490992621786,-3.0856427853923303,2.784140715002326,-3.0856427853923303,2.784140715002326,0.00939421019441323,-0.2,0.000539397670083492,0.32,0.005022014333207446,0.005012637264371732,0
9.0,0.020780335269874307,dt,1,0,-3.085210988658752,2.7843255921069474,-3.0865564345320085,2.7833608913669976,-3.0856427853923303,2.784140715002326,-3.0852106554957945,2.7843257347532395,0.00939421019441323,-0.2,0.0006214015507823884,0.32,0.005022014333207423,0.005014512678138871,0
9.05,0.020816858456899956,dt,1,0,-3.0848552773362643,2.784473701261771,-3.086108447412317,2.783472888146921,-3.0856427853923303,2.784140715002326,-3.084776292306532,2.784506592546571,0.007706279690974097,-0.14971822017312303,0.0006987587048643816,0.32,0.0037627360755264337,0.004764157357616384,0
9.1,0.020851465325309928,dt,1,0,-3.084581396440936,2.7845853400417875,-3.0856839655266137,2.7835790086183465,-3.0856427853923303,2.784140715002326,-3.0843408074160035,2.784682828567267,0.005915199473536184,-0.145075,0.0007536760695327369,0.32,0.003638914155026708,0.004539108717098449,0
9.15,0.020882637194799547,dt,1,0,-3.0843606626539146,2.7846734533940416,-3.085301616745872,2.7836745958135323,-3.0856427853923303,2.784140715002326,-3.0839061555339593,2.7848536893366513,0.004753414249918362,-0.16429875,0.0007885437770808359,0.32,0.004114339181424514,0.004454154809963662,0
9.200000000000001,0.020910045760637097,dt,1,0,-3.0841934534040405,2.784738613291935,-3.084965427999369,2.7837586430001577,-3.0856427853923303,2.784140715002326,-3.083474422201938,2.7850184377086475,0.003589136137675359,-0.17679418749999998,0.0008119233378680625,0.32,0.004423496377771002,0.00444802312352513,0
9.25,0.020933455812927965,dt,1,0,-3.084071564203179,2.784784875526666,-3.084678284331149,2.7838304289172124,-3.0856427853923303,2.784140715002326,-3.083047764907923,2.7851763796393336,0.002607464028432556,-0.18491622187499998,0.0008247477260867216,0.32,0.004624743546076482,0.004483367208035401,0
9.3,0.0209529149083214,dt,1,0,-3.083984982840918,2.7848168242513673,-3.0844396024195464,2.783890099395113,-3.0856427853923303,2.784140715002326,-3.0826282445095465,2.7853269269364342,0.0018457576548439462,-0.19019554421874998,0.0008298245808683177,0.32,0.004755784131320195,0.00453785059269236,0
9.35,0.020968713193522927,dt,1,0,-3.083924605281218,2.7848384536147934,-3.084245823375058,2.783938544156235,-3.0856427853923303,2.784140715002326,-3.0822176842909363,2.785469640928272,0.001282697014500696,-0.1936271037421875,0.00082997560807675,0.32,0.0048411024409550345,0.004598500962344895,0
9.4,0.020981286327180125,dt,1,0,-3.083883071714848,2.7848528802478634,-3.0840916034837695,2.783977099129057,-3.0856427853923303,2.784140715002326,-3.081817590003695,2.7856042478829646,0.0008793554178288068,-0.19585761743242186,0.000827409209435758,0.32,0.0048966378369568325,0.004658128337267283,0
9.450000000000001,0.020991126625110414,dt,1,0,-3.0838547962990353,2.784862392414954,-3.0839709040846843,2.784007273978829,-3.0856427853923303,2.784140715002326,-3.081429124957582,2.785730632318574,0.0005966508064667798,-0.1973074513310742,0.0008236369360457437,0.32,0.004932776495006573,0.004713057968815141,0
9.5,0.020998720460228517,dt,1,0,-3.0838357018805906,2.7848686069861435,-3.083877759411423,2.7840305601471442,-3.0856427853923303,2.784140715002326,-3.0810531234155643,2.785848817178794,0.00040160563283729903,-0.19824984336519824,0.0008195907586408688,0.32,0.004956286761696099,0.004761703727391333,0
9.55,0.021004511452385445,dt,1,0,-3.0838228896559547,2.7848726369141503,-3.0838067280993218,2.7840483179751696,-3.0856427853923303,2.784140715002326,-3.08069012599661,2.7859589383413996,0.00026862123509536746,-0.19886239818737883,0.0008157846149872711,0.32,0.004971578097188254,0.004803678601350718,0
9.600000000000001,0.02100888326931666,dt,1,0,-3.0838143367498048,2.784875233957944,-3.083753104146038,2.7840617239634904,-3.0856427853923303,2.784140715002326,-3.0803404247324617,2.786061218476539,0.0001787700646914498,-0.19926055882179622,0.0008124582644353292,0.32,0.004981521989871594,0.004839247279054893,0
9.65,0.021012155370243896,dt,1,0,-3.083808650895501,2.784876898750189,-3.0837129691197953,2.784071757720051,-3.0856427853923303,2.784140715002326,-3.080004109657231,2.7861559431165284,0.00011849130328203238,-0.19951936323416752,0.0008096859260235546,0.32,0.0049879875993558195,0.004868995343115079,0
9.700000000000001,0.021014586306948035,dt,1,0,-3.0828461871771915,2.7851483091238625,-3.0836831516689944,2.7840792120827516,-3.0856427853923303,2.784140715002326,-3.079681112231337,2.786243440251497,0.02,-0.2,0.0008074507412128988,0.32,0.005099019513592637,0.004915000177210591,0
9.75,0.021040005305451033,dt,1,0,-3.081881057523165,2.785410081450357,-3.0833713666126465,2.7841571583468383,-3.0856427853923303,2.784140715002326,-3.0793568941014478,2.786327797251722,0.02,-0.2,0.0009060316456528788,0.32,0.005099019513592642,0.0049518040444870015,0
9.8,0.02108152184995786,dt,1,0,-3.0809133584455823,2.785662189552658,-3.0828621318303666,2.784284467042408,-3.0856427853923303,2.784140715002326,-3.0790217074607185,2.786411438496139,0.02,-0.2,0.0009775810231574178,0.32,0.005099019513592694,0.00498124713830814,0
9.850000000000001,0.021134310207107203,dt,1,0,-3.079943186713545,2.7859046082201657,-3.0822146389361675,2.7844463402659576,-3.0856427853923303,2.784140715002326,-3.078669162610116,2.7864956754696695,0.02,-0.2,0.00102801852381405,0.32,0.005099019513592709,0.005004801613365055,0
9.9,0.021194989990888327,dt,1,0,-3.078970639343418,2.7861373132112153,-3.081470351162472,2.7846324122093824,-3.0856427853923303,2.784140715002326,-3.078295219033586,2.786581081812214,0.02,-0.2,0.00106090203102268,0.32,0.005099019513592706,0.005023645193410585,0
9.950000000000001,0.0212611925583201,dt,1,0,-3.077995813589128,2.7863602812555013,-3.0806583218760046,2.784835419530999,-3.0856427853923303,2.784140715002326,-3.077897475368283,2.786667748427278,0.02,-0.2,0.0010784918119033722,0.32,0.005099019513592677,0.005038720057447004,0
10.0,0.021331257486663622,dt,1,0,-3.077018806932438,2.786573490056405,-3.0797989175360163,2.785050270615996,-3.0856427853923303,2.784140715002326,-3.077474670107158,2.7867554565429975,0.02,-0.2,0.0010822986311286255,0.32,0.005099019513592636,0.005050779948676131,0
10.05,0.02140402010770832,dt,1,0,-3.0760397170731992,2.7867769182932243,-3.0789064237621258,2.7852733940594687,-3.0856427853923303,2.784140715002326,-3.0770263307601224,2.7868437947329037,0.02,-0.2,0.0010733757193059912,0.32,0.005099019513592643,0.005060427861659434,0
10.100000000000001,0.02147866278200944,dt,1,0,-3.075058641919582,2.786970545623305,-3.0779908695788953,2.785502282605276,-3.0856427853923303,2.784140715002326,-3.0765525275367325,2.7869322377186956,0.02,-0.2,0.001052481533696008,0.32,0.005099019513592648,0.005068146192046077,0
10.15,0.02155461079109145,dt,1,0,-3.074860440436912,2.787007607909864,-3.0770593043841306,2.7857351739039675,-3.0856427853923303,2.784140715002326,-3.0760537005771122,2.7870201991514914,0.00403273806823239,-0.1070415300371132,0.0010201756339683222,0.32,0.002683624072266202,0.004591241768090102,0
10.200000000000001,0.021612550180567937,dt,1,0,-3.07441347047564,2.787088714743589,-3.0763486298148486,2.7859128425462876,-3.0856427853923303,2.784140715002326,-3.075542243290616,2.7871051232721213,0.009085383090578367,-0.0415933480207187,0.0009406965978318436,0.32,0.0011347310648295624,0.0038999396274379946,0
10.25,0.021663863527244934,dt,1,0,-3.0670312115435485,2.7884124417016727,-3.0757192291449833,2.786070192713754,-3.0856427853923303,2.784140715002326,-3.0750229351233296,2.787186023391312,0.15,0.00443791436447178,0.0008884677691089568,0.32,0.007500820583605795,0.004620115818671555,0
10.3,0.02187733648644998,dt,1,0,-3.0596492465225418,2.789737806718802,-3.0731008066053738,2.7867247983486565,-3.0856427853923303,2.784140715002326,-3.074395685118343,2.7872773242202284,0.15,0.04154464890428058,0.0011968968559872865,0.32,0.007571573393810568,0.005210407333699358,0
10.350000000000001,0.022206081217875075,dt,1,0,-3.0522700505169653,2.7910785029227507,-3.0690684803672084,2.787732879908198,-3.0856427853923303,2.784140715002326,-3.073594483392981,2.787385774847736,0.15,0.07549972885498457,0.0014812054831668596,0.32,0.007733862596447708,0.0057150983862490285,0
10.4,0.022611295605198152,dt,1,0,-3.0448959681879995,2.7924470458726183,-3.064098190504305,2.7889754523739234,-3.0856427853923303,2.784140715002326,-3.072580886082667,2.7875126672533317,0.15,0.10900200279503233,0.0018076706315857537,0.32,0.007979717907503328,0.006168022290499889,0
10.450000000000001,0.02306991741466903,dt,1,0,-3.0375294540363247,2.7938557577853858,-3.058425813117986,2.79,-3.0856427853923303,2.784140715002326,-3.069154359534106,2.787906874714053,0.15,0.13266779079071953,0.0024470458726182365,0.32,0.00820063803589723,0.006574545439579358,0
10.5,0.023565744842432585,dt,1,0,-3.030172446420543,2.795313303304856,-3.052156905400978,2.79,-3.0856427853923303,2.784140715002326,-3.0655830408014175,2.7882815944148462,0.15,0.1472404481316542,0.003855757785385716,0.32,0.008354630062351886,0.006930562364133865,0
10.55,0.024087390632545374,dt,1,0,-3.0228263685623062,2.7968249712911297,-3.0455615677167898,2.79,-3.0856427853923303,2.784140715002326,-3.0618575874864664,2.788634860196509,0.15,0.155529990753864,0.005313303304856021,0.32,0.008447987113208547,0.007234047313948801,0
10.600000000000001,0.024626849936528594,dt,1,0,-3.015492268193018,2.7983937197646602,-3.038741007972836,2.79,-3.0856427853923303,2.784140715002326,-3.057974203931781,2.7889639544953706,0.15,0.15949599612104254,0.006824971291129689,0.32,0.008494077818494998,0.0074860534148580415,0
10.65,0.025178494498363683,dt,1,0,-3.0081709113598856,2.800020905716525,-3.0317663860437265,2.79,-3.0856427853923303,2.784140715002326,-3.053932917868038,2.7892657601395903,0.15,0.16050451222366754,0.00839371976466019,0.32,0.008505942718335246,0.007690031275553483,0
10.700000000000001,0.02573836636291106,dt,1,0,-3.0008628486829263,2.801706794179512,-3.024687743645851,2.79,-3.0856427853923303,2.784140715002326,-3.0507149145174424,2.78947374610512,0.15,0.048341662678170826,0.009073071058323084,0.32,0.007596747509234145,0.007671374522289616,0
10.75,0.026392573664464396,dt,1,0,-2.993558882282472,2.8034103418956144,-3.01641638758205,2.79,-3.0856427853923303,2.784140715002326,-3.0472538358135153,2.7897307759130605,0.15,-0.03857791925918896,0.009327121006467072,0.32,0.007561756403705476,0.007649450898572789,0
10.8,0.027027715664825907,dt,1,0,-2.9862516435054527,2.805099797860007,-3.0083860803329703,2.79,-3.0856427853923303,2.784140715002326,-3.043585894180473,2.790040078309652,0.15,0.00644254237024296,0.009636559249088307,0.32,0.007501729231991718,0.007619906565256575,0
10.850000000000001,0.027649479880019492,dt,1,0,-2.9789449493271265,2.8067916075964767,-3.000524912780445,2.79,-3.0856427853923303,2.784140715002326,-3.03974067766263,2.7904030891356886,0.15,0.05432081943238144,0.009912603516496055,0.32,0.007621956418130265,0.007620316535831314,0
10.9,0.02826188504788614,dt,1,0,-2.9716428771179926,2.808503256349169,-2.9931524748332565,2.7922825083889142,-3.0856427853923303,2.784140715002326,-3.0356693804054484,2.7908285593114863,0.15,0.08718758631811252,0.009271726036541781,0.32,0.007810316703244867,0.007658316569314025,0
10.950000000000001,0.02886778370218609,dt,1,0,-2.96434833599626,2.8102467212393663,-2.985885016134034,2.7947049946219886,-3.0856427853923303,2.784140715002326,-3.031431692580525,2.7913143040375847,0.15,0.10843250118453591,0.008586420638361679,0.32,0.007974867056616573,0.0077216266667745346,0
11.0,0.02946919699945245,dt,1,0,-2.957063354448833,2.812029708579101,-2.9786713571037193,2.7971095476320937,-3.0856427853923303,2.784140715002326,-3.027038594654601,2.7918624233837948,0.15,0.12162002000075246,0.00793368021738551,0.32,0.008092876082741946,0.0077958765499680175,0
11.05,0.030067551911955644,dt,1,0,-2.949789349876077,2.813856962659824,-2.9714943819062447,2.799501872697918,-3.0856427853923303,2.784140715002326,-3.0224997962356888,2.7924748752007242,0.15,0.12923716907464983,0.007321457087011181,0.32,0.008166327428472073,0.00786996672566883,0
11.100000000000001,0.030663851012651278,dt,1,0,-2.9425273045431157,2.8157311818524526,-2.9643420651682324,2.801885978277256,-3.0856427853923303,2.784140715002326,-3.017761325845622,2.7931625844418795,0.15,0.023847065321164145,0.007799975199313713,0.32,0.007523657792441863,0.0078007049390234375,0
11.15,0.03125879423857238,dt,1,0,-2.9352674991032477,2.8176140586342058,-2.957206011486517,2.804264662837828,-3.0856427853923303,2.784140715002326,-3.012880664337845,2.7938502921236834,0.15,-0.0544994075412433,0.008575117165296445,0.32,0.007622753169883502,0.007765114585195451,0
11.200000000000001,0.031801433805134706,dt,1,0,-2.9280025898399695,2.8194771456950627,-2.9506973146763014,2.806434228441233,-3.0856427853923303,2.784140715002326,-3.0079050169730555,2.794512155132198,0.15,-0.10542461490180814,0.009346090298271626,0.32,0.007949620644533506,0.007802015797063062,0
11.25,0.03235366278854335,dt,1,0,-2.920727960791066,2.821301912036503,-2.9440735974903425,2.808642134169886,-3.0856427853923303,2.784140715002326,-3.0028405709395636,2.7951343563511863,0.15,-0.1385259996861753,0.010130621855755393,0.32,0.008260956837325908,0.007893804005115633,0
11.3,0.03291283499417528,dt,1,0,-2.913440867458625,2.8230762487475847,-2.937224152397827,2.81,-3.0856427853923303,2.784140715002326,-2.998024787031793,2.79567718139381,0.15,-0.16004189979601394,0.01130191203650277,0.32,0.008500492989024205,0.008015141801897347,0
11.350000000000001,0.033477163208462016,dt,1,0,-2.9061398091746953,2.824792217259726,-2.9300891669182527,2.81,-3.0856427853923303,2.784140715002326,-2.993094559720488,2.796183032136477,0.15,-0.17402723486740906,0.013076248747584618,0.32,0.008670549235616394,0.008146223288641157,0
11.4,0.034045431987091056,dt,1,0,-2.8988240962097276,2.8264445924635484,-2.9229043595998054,2.8099999999999996,-3.0856427853923303,2.784140715002326,-2.988052931719291,2.7966494163071443,0.15,-0.18311770266381588,0.01479221725972657,0.32,0.00878678315102005,0.008274335261116936,0
11.450000000000001,0.03461680688606324,dt,1,0,-2.8914935611353907,2.8280299175166275,-2.915680280589841,2.8100000000000005,-3.0856427853923303,2.784140715002326,-2.980578282789743,2.7972655521525622,0.15,-0.1890265067314803,0.016444592463547902,0.12,0.008864642556496287,0.008392396720192806,0
11.5,0.03519070776730753,dt,1,0,-2.8841483702682185,2.8295458895232324,-2.908424264763008,2.8100000000000005,-3.0856427853923303,2.784140715002326,-2.9731014909955826,2.7978551150981215,0.15,-0.1928672293754622,0.01802991751662697,0.12,0.00891619902785682,0.00849715718172561,0
11.55,0.03576672458871616,dt,1,0,-2.876788902089828,2.830990959809155,-2.9011414964152733,2.81,-3.0856427853923303,2.784140715002326,-2.965622736216754,2.7984192311838223,0.15,-0.19536369909405044,0.01954588952323233,0.12,0.008950103872431678,0.008587746519866823,0
11.600000000000001,0.0363445613385717,dt,1,0,-2.8694156695300967,2.832364073650073,-2.893835718119225,2.81,-3.0856427853923303,2.784140715002326,-2.9581421832332073,2.798958978402763,0.15,-0.1969864044111328,0.020990959809155108,0.12,0.008972306125058858,0.008664658440905231,0
11.65,0.036923998638671456,dt,1,0,-2.862029270583577,2.8336645007348618,-2.8865097035449567,2.8099999999999996,-3.0856427853923303,2.784140715002326,-2.950659983008798,2.7994753889001855,0.15,-0.19804116286723633,0.022364073650073202,0.12,0.008986806377608817,0.008729088028245948,0
11.700000000000001,0.037504868735098285,dt,1,0,-2.854630357060923,2.834891724709646,-2.879165573659899,2.81,-3.0856427853923303,2.784140715002326,-2.9431762738602503,2.799969451021727,0.15,-0.19872675586370359,0.023664500734861704,0.12,0.008996260455604322,0.008782522513717625,0
11.75,0.03808703873399003,dt,1,0,-2.849232552588067,2.8357320127770476,-2.8718050086844507,2.8100000000000005,-3.0856427853923303,2.784140715002326,-2.9356911825235117,2.8004421112386715,0.1092563538901007,-0.19917239131140735,0.024891724709645402,0.12,0.007391610316861973,0.008504340074346495,0
11.8,0.03862263648123992,dt,1,0,-2.846258194408754,2.8361647452822565,-2.865033271860428,2.81,-3.0856427853923303,2.784140715002326,-2.9282048251277706,2.800894275968866,0.06011343942883021,-0.19946205435241476,0.025732012777047508,0.12,0.005822349908238343,0.007967942041124864,0
11.850000000000001,0.03906813027874754,dt,1,0,-2.8446192755819677,2.836386520352944,-2.8594007486301747,2.81,-3.0856427853923303,2.784140715002326,-2.9207173092747545,2.8013268338850232,0.033077116577925884,-0.19965033532906962,0.02616474528225643,0.12,0.005258126981245809,0.007425979029149053,0
11.9,0.039418864094679956,dt,1,0,-2.843716219189768,2.8364995522916123,-2.8549663067211584,2.81,-3.0856427853923303,2.784140715002326,-2.913228735426199,2.8017406716729703,0.018202055561415374,-0.19977271796389523,0.026386520352943865,0.12,0.005076563684553663,0.006956095960229976,0
11.950000000000001,0.03968580542826303,dt,1,0,-2.843218628956948,2.8365567916827557,-2.851591280467295,2.81,-3.0856427853923303,2.784140715002326,-2.9057391970739497,2.8021366707514823,0.0100174325592102,-0.1998522666765319,0.02649955229161227,0.12,0.005021349688832405,0.006569146705950463,0
12.0,0.03988447114995142,dt,1,0,-2.842944448867571,2.83658555855779,-2.849079485019805,2.81,-3.0856427853923303,2.784140715002326,-2.898248780661559,2.8025156984140445,0.005513701279906814,-0.19990397333974574,0.0265567916827556,0.12,0.005005197433932679,0.006256356851546906,0
12.05,0.04003004288218539,dt,1,0,-2.8427933657175593,2.8365998849659286,-2.8472389741797812,2.81,-3.0856427853923303,2.784140715002326,-2.890757565594461,2.802878598976839,0.0030352175663388506,-0.19993758267083472,0.0265855585577901,0.12,0.005000742891495983,0.006005234059536722,0
12.100000000000001,0.04013552798575413,dt,1,0,-2.842708602764948,2.836607068381011,-2.8459052916467793,2.81,-3.0856427853923303,2.784140715002326,-2.883265624413192,2.803226186859841,0.0017013358971791868,-0.19925766636055758,0.026599884965928577,0.12,0.004982167937930941,0.005800620835215566,0
12.15,0.0402113788079935,dt,1,0,-2.8426498419521824,2.836611459036188,-2.844946284987905,2.81,-3.0856427853923303,2.784140715002326,-2.8757730231082372,2.8035592419378577,0.0011784924216595263,-0.1943715459011525,0.0266070683810109,0.12,0.004859645899751465,0.005612425848122746,0
12.200000000000001,0.040265868656245415,dt,1,0,-2.8425889337559247,2.836615415312877,-2.8442573520828707,2.81,-3.0856427853923303,2.784140715002326,-2.8682798215295473,2.803878506876612,0.0012207310099474238,-0.18674009797043517,0.026611459036188112,0.12,0.0046689014317344915,0.005423720964845096,0
12.25,0.04030545677567979,dt,1,0,-2.8425066903391003,2.836619986711437,-2.8437568265904756,2.81,-3.0856427853923303,2.784140715002326,-2.860786073844253,2.8041846859567996,0.0016474073322377452,-0.1774155166767047,0.026615415312877033,0.12,0.004436152708241115,0.0052262073135243,0
12.3,0.04033511992564636,dt,1,0,-2.8423904861446743,2.83662541225415,-2.8433817857207626,2.81,-3.0856427853923303,2.784140715002326,-2.8532918290100415,2.804478444982016,0.002326615680849007,-0.16714955411523424,0.026619986711436727,0.12,0.0041803577899376335,0.005017037408806967,0
12.350000000000001,0.040358641416073426,dt,1,0,-2.842232463255669,2.8366314672342323,-2.843084395853649,2.81,-3.0856427853923303,2.784140715002326,-2.8457971312424206,2.804760411951745,0.0031627770223891082,-0.15647338961839796,0.02662541225415005,0.12,0.003915029876374131,0.0047966359023203994,0
12.4,0.04037885601604582,dt,1,0,-2.842028192466808,2.8366376942535605,-2.842828816079987,2.81,-3.0856427853923303,2.784140715002326,-2.838302020462075,2.8050311782538273,0.004087313589716346,-0.14575663457898802,0.026631467234232264,0.12,0.0036496421959313465,0.004567237161042589,0
12.450000000000001,0.040397853159813216,dt,1,0,-2.84177567835756,2.8366435503150784,-2.84258862900179,2.81,-3.0856427853923303,2.784140715002326,-2.8308065327142526,2.805291300191092,0.005051640083208702,-0.13525094826109274,0.02663769425356044,0.12,0.0033906945523415333,0.004331928639302378,0
12.5,0.040417142798556946,dt,1,0,-2.8414746237776,2.836648495377507,-2.8423447438143077,2.81,-3.0856427853923303,2.784140715002326,-2.8233107005561098,2.8055413007049976,0.006021903810497573,-0.1251222758350997,0.026643550315078368,0.12,0.0031425146392029136,0.004094045839282486,0
12.55,0.04043778894886724,dt,1,0,-2.8411258894253746,2.8366520415036907,-2.8420837078091186,2.81,-3.0856427853923303,2.784140715002326,-2.8158145534106302,2.805781671196776,0.006975047625158239,-0.11547465917445351,0.026648495377506798,0.12,0.0029078559615450424,0.003856807863734997,0
12.600000000000001,0.04046051599976135,dt,1,0,-2.8407310996031243,2.836653776409489,-2.8417963622998603,2.81,-3.0856427853923303,2.784140715002326,-2.808318117887492,2.806012873375474,0.007895872685157151,-0.1063677984054499,0.026652041503690604,0.12,0.002688341468203849,0.003623114584628768,0
12.65,0.04048579248221509,dt,1,0,-2.8332311028041834,2.836646847060464,-2.8414767834967516,2.81,-3.0856427853923303,2.784140715002326,-2.800821418072332,2.806235341084093,0.15,-0.09651104233419083,0.02665377640948874,0.12,0.007878546078292057,0.004474200883361426,0
12.700000000000001,0.040681445449142914,dt,1,0,-2.8257312267651655,2.836603726307148,-2.8390030792892986,2.81,-3.0856427853923303,2.784140715002326,-2.7933244757864655,2.8064494820712733,0.15,-0.08714244115654746,0.02664684706046394,0.12,0.007810001802605649,0.005141361067210271,0
12.75,0.040996359089348795,dt,1,0,-2.8182316097985716,2.8365279281912197,-2.835021523532727,2.81,-3.0856427853923303,2.784140715002326,-2.7858273098982247,2.8066556461908494,0.15,-0.07835724838067917,0.026603726307147912,0.12,0.007751607025876751,0.005663410258943567,0
12.8,0.04139474905359595,dt,1,0,-2.810732347355967,2.8364227482647255,-2.8299845494135014,2.81,-3.0856427853923303,2.784140715002326,-2.778329937074419,2.806854142389466,0.15,-0.07020249997677121,0.02652792819121963,0.12,0.0077026128279218745,0.006071250772739229,0
12.850000000000001,0.041851564032550186,dt,1,0,-2.803233500306368,2.8362912456916725,-2.824208888797613,2.81,-3.0856427853923303,2.784140715002326,-2.7708323722798736,2.8070452500857734,0.15,-0.06269243635229044,0.02642274826472546,0.12,0.007662014322935193,0.006389403482778422,0
12.9,0.04234926666538158,dt,1,0,-2.795735102308186,2.8361362377536072,-2.8179162722519626,2.81,-3.0856427853923303,2.784140715002326,-2.7633346291157332,2.8072292268358923,0.15,-0.055819298818720185,0.026291245691672405,0.12,0.0076287201630015405,0.006637266818823047,0
12.950000000000001,0.04287558000086461,dt,1,0,-2.788237166135475,2.835960302680501,-2.811261921270905,2.8100000000000005,-3.0856427853923303,2.784140715002326,-2.7558367200536056,2.807406313526706,0.15,-0.0495609168459558,0.02613623775360674,0.12,0.007601656253681345,0.006830144705794707,0
13.0,0.043421909870039514,dt,1,0,-2.7807396889588123,2.8357657879370355,-2.804354494732702,2.81,-3.0856427853923303,2.784140715002326,-2.7483386566017924,2.807576737916339,0.15,-0.04388605680744944,0.02596030268050109,0.12,0.007579824617945806,0.006980080688224928,0
13.05,0.043982240421770805,dt,1,0,-2.773242656656099,2.8355548219395983,-2.797270053003313,2.81,-3.0856427853923303,2.784140715002326,-2.7408404494268384,2.8077407170658324,0.15,-0.038758196081733684,0.025765787937035434,0.12,0.00756233255035736,0.007096531060651414,0
13.100000000000001,0.044552360895351875,dt,1,0,-2.7657460472637316,2.8353293277749945,-2.790061834102278,2.81,-3.0856427853923303,2.784140715002326,-2.7333421084453726,2.807898459024962,0.15,-0.03413817886741366,0.025554821939598238,0.12,0.00754840278040602,0.0071869054046023355,0
13.15,0.04512932427943903,dt,1,0,-2.7582498336900096,2.8350910379154803,-2.7827670980541948,2.8100000000000005,-3.0856427853923303,2.784140715002326,-2.725843642895946,2.808050164015195,0.15,-0.02998607055753261,0.02532932777499397,0.12,0.0075373720730223205,0.007256998738286333,0
13.200000000000001,0.04571106830921974,dt,1,0,-2.75075398581039,2.8348415092285473,-2.7754119187450037,2.81,-3.0856427853923303,2.784140715002326,-2.7183450613971893,2.808196025272925,0.15,-0.02626243346610317,0.025091037915480285,0.12,0.0075286832933935885,0.007311335649307785,0
13.25,0.046296150113528285,dt,1,0,-2.7432584720547046,2.834582137799262,-2.7680145388649624,2.81,-3.0856427853923303,2.784140715002326,-2.710846371996428,2.8083362296626997,0.15,-0.02292918271650989,0.02484150922854722,0.12,0.007521874243666321,0.007353443368179492,0
13.3,0.04688356043193568,dt,1,0,-2.735763260583632,2.834314173242091,-2.7605877188225048,2.81,-3.0856427853923303,2.784140715002326,-2.703347582211474,2.808470958134344,0.15,-0.019950136983995483,0.024582137799261883,0.12,0.007516565371135247,0.007386067768770644,0
13.350000000000001,0.04747259353762294,dt,1,0,-2.728268320137938,2.8340387322946965,-2.7531403813517406,2.81,-3.0856427853923303,2.784140715002326,-2.6958486990673993,2.808600386073786,0.15,-0.017291347873848242,0.024314173242090842,0.12,0.00751244761675992,0.0074113437383685,0
13.4,0.04806275616353382,dt,1,0,-2.7207736206306232,2.833756811569925,-2.7456787629887747,2.8099999999999996,-3.0856427853923303,2.784140715002326,-2.688349729129491,2.8087246835811928,0.15,-0.01492126968792527,0.024038732294696885,0.12,0.007509271115140609,0.007430929213722922,0
13.450000000000001,0.04865370373663127,dt,1,0,-2.7132791335398623,2.8334692994025037,-2.7382072202827823,2.8100000000000005,-3.0856427853923303,2.784140715002326,-2.6808506785332065,2.8088440156990977,0.15,-0.012810815376158538,0.023756811569924707,0.12,0.007506835093374844,0.007446110389653307,0
13.5,0.04924519573255337,dt,1,0,-2.7057848321498192,2.8331769867698693,-2.730728794261637,2.81,-3.0856427853923303,2.784140715002326,-2.6733515530116785,2.8089585426058363,0.15,-0.010933332744047338,0.02346929940250364,0.12,0.00750497908744962,0.007457884129212569,0
13.55,0.04983706441815835,dt,1,0,-2.698290691677147,2.832880577296578,-2.7232456056300993,2.8100000000000005,-3.0856427853923303,2.784140715002326,-2.6658523579211653,2.809068419784639,0.15,-0.00926452626772582,0.02317698676986879,0.12,0.007503575458030088,0.007467022394976073,0
13.600000000000001,0.050429192968304594,dt,1,0,-2.6907966893131787,2.8325806963721494,-2.7157591314464993,2.8100000000000005,-3.0856427853923303,2.784140715002326,-2.6583530982647217,2.809173798175378,0.15,-0.007782343326381558,0.022880577296577442,0.12,0.00750252311174595,0.007474122538330049,0
13.65,0.05102150014659553,dt,1,0,-2.6833028042053644,2.8322778994255327,-2.7082703988090664,2.81,-3.0856427853923303,2.784140715002326,-2.6508537787142976,2.8092748243137127,0.15,-0.00646683872461663,0.022580696372149323,0.12,0.007501742297755463,0.007479646490215132,0
13.700000000000001,0.05161392958234147,dt,1,0,-2.6758090173962423,2.831972679407466,-2.700780120430796,2.81,-3.0856427853923303,2.784140715002326,-2.643354403631422,2.8093716404608333,0.15,-0.005300027639569606,0.0222778994255326,0.12,0.007501170337561512,0.0074839512596844085,0
13.75,0.052206442265881024,dt,1,0,-2.6683153117339744,2.8316654735362796,-2.693288789523548,2.81,-3.0856427853923303,2.784140715002326,-2.6358549770865936,2.8094643847259997,0.15,-0.004265734296312673,0.021972679407466167,0.12,0.007500758148725839,0.007487312637492695,0
13.8,0.0527990112976935,dt,1,0,-2.6608216717650857,2.8313566693642302,-2.685796746186727,2.81,-3.0856427853923303,2.784140715002326,-2.628355502877482,2.8095531911833524,0.15,-0.0033494415341407463,0.021665473536279567,0.12,0.0075004674337084565,0.007489943596735848,0
13.850000000000001,0.053391618214268445,dt,1,0,-2.6533280836173594,2.8310466102210694,-2.67830422386051,2.81,-3.0856427853923303,2.784140715002326,-2.620855984546023,2.8096381899840237,0.15,-0.0025381448142915014,0.021356669364230196,0.12,0.007500268419325919,0.0074920085612538625,0
13.9,0.053984250420567995,dt,1,0,-2.6458345348787273,2.830735600089813,-2.6708113817880648,2.81,-3.0856427853923303,2.784140715002326,-2.6133564253944854,2.8097195074642505,0.15,-0.0018202130121531008,0.02104661022106935,0.12,0.007500138047704801,0.007493634458544051,0
13.950000000000001,0.054576899394578396,dt,1,0,-2.6383410144763637,2.8304239079671,-2.6633183277159884,2.81,-3.0856427853923303,2.784140715002326,-2.6058568285005688,2.8097972662499804,0.15,-0.0011852574420507117,0.020735600089813122,0.12,0.007500058534571833,0.007494919273749607,0
14.0,0.055169559433625275,dt,1,0,-2.6308475125589297,2.830111771757393,-2.6558251337450507,2.81,-3.0856427853923303,2.784140715002326,-2.5983571967315995,2.809871585358322,0.15,-0.0006240099049998511,0.020423907967099808,0.12,0.007500016224497353,0.007495938663899157,0
14.05,0.0557622267795885,dt,1,0,-2.6233540203839474,2.8297994017468673,-2.648331847390389,2.81,-3.0856427853923303,2.784140715002326,-2.590857532757873,2.8099425802960902,0.15,-0.00012821007470174167,0.020111771757393093,0.12,0.007500000684909061,0.007496751068101139,0
14.100000000000001,0.056354899009224926,dt,1,0,-2.615860530211568,2.8294869836992884,-2.6408384992898557,2.81,-3.0856427853923303,2.784140715002326,-2.5833578390651977,2.810010363155629,0.15,0.00030949779976307493,0.01979940174686723,0.12,0.007500003991202508,0.007497401652721413,0
14.15,0.056947574609914946,dt,1,0,-2.608367035205451,2.829174681612683,-2.633345108567994,2.81,-3.0856427853923303,2.784140715002326,-2.5758581179666837,2.8100750427080587,0.15,0.0006956591283512162,0.019486983699288363,0.12,0.007500020164207266,0.007497925355018585,0
14.200000000000001,0.057540252685037103,dt,1,0,-2.6008735293410767,2.828862640172176,-2.62585168656108,2.8100000000000005,-3.0856427853923303,2.784140715002326,-2.568358371613821,2.8101367244940603,0.15,0.0010360945592812164,0.01917468161268232,0.12,0.007500044728697485,0.007498349229754365,0
14.25,0.05813293274990576,dt,1,0,-2.593380007321536,2.828550986931121,-2.618358239397153,2.81,-3.0856427853923303,2.784140715002326,-2.5608586020068906,2.8101955109122816,0.15,0.0013359774064396921,0.018862640172176093,0.12,0.0075000743677826375,0.00749869425736002,0
14.3,0.05872561459092569,dt,1,0,-2.5858864645006294,2.8282398342495667,-2.610864769776766,2.81,-3.0856427853923303,2.784140715002326,-2.5533588110047445,2.8102515013054514,0.15,0.0015999034813321206,0.018550986931121116,0.12,0.007500106653039573,0.007498976736495931,0
14.350000000000001,0.05931829816882496,dt,1,0,-2.578392896812986,2.8279292810162695,-2.6033712781964486,2.81,-3.0856427853923303,2.784140715002326,-2.5458590003339903,2.8103047920442665,0.15,0.0018319539080538113,0.018239834249566655,0.12,0.007500139834326692,0.007499209356062084,0
14.4,0.05991098355257604,dt,1,0,-2.5708993007108187,2.8276194141778044,-2.5958777637841584,2.8100000000000005,-3.0856427853923303,2.784140715002326,-2.53835917159762,2.8103554766091112,0.15,0.0020357515000237474,0.017929281016269005,0.12,0.007500172676519163,0.0074994020201535,0
14.450000000000001,0.06050367087464134,dt,1,0,-2.563405673106877,2.8273103100959185,-2.588384224865129,2.81,-3.0856427853923303,2.784140715002326,-2.530859326283108,2.810403645669673,0.15,0.0022145112624061265,0.017619414177804327,0.12,0.007500204333055241,0.007499562482733849,0
14.5,0.06109636030124764,dt,1,0,-2.555912011323148,2.827002035752062,-2.5808906593377032,2.81,-3.0856427853923303,2.784140715002326,-2.523359465770016,2.8104493871624996,0.15,0.0023710855593901963,0.017310310095918435,0.12,0.0075002342482888736,0.0074996968358448535,0
14.55,0.061689052011812684,dt,1,0,-2.548418313044839,2.826694649816032,-2.573397064933442,2.81,-3.0856427853923303,2.784140715002326,-2.515859591337128,2.810492786366557,0.15,0.0025080044542284065,0.01700203575206194,0.12,0.007500262082351962,0.007499809885146275,0
14.600000000000001,0.062281746187089836,dt,1,0,-2.540924576279185,2.8263882035938495,-2.5659034393670233,2.8100000000000005,-3.0856427853923303,2.784140715002326,-2.5083597041691457,2.8105339259768303,0.15,0.0026275116959761403,0.016694649816031415,0.12,0.00750028765355491,0.007499905438828003,0
14.65,0.06287444300089064,dt,1,0,-2.533430799318649,2.8260827418683587,-2.55840978044089,2.81,-3.0856427853923303,2.784140715002326,-2.50085980536297,2.8105728861760184,0.15,0.0027315967902753493,0.016388203593849404,0.12,0.007500310894432436,0.00749998652994889,0
14.700000000000001,0.06346714261539951,dt,1,0,-2.5259369807080945,2.8257783036445683,-2.550916086104492,2.81,-3.0856427853923303,2.784140715002326,-2.4933598959335908,2.810609744704372,0.15,0.0028220235558248166,0.016082741868358674,0.12,0.007500331818365997,0.007500055587632312,0
14.75,0.06405984517867293,dt,1,0,-2.518443119215547,2.825474922810437,-2.5434223544859034,2.81,-3.0856427853923303,2.784140715002326,-2.4858599768196123,2.8106445769277126,0.15,0.002900355532926128,0.015778303644568226,0.12,0.0075003504944026935,0.007500114568986388,0
14.8,0.06465255082358261,dt,1,0,-2.510949213806185,2.8251726287226244,-2.535928583905183,2.81,-3.0856427853923303,2.784140715002326,-2.478360048888429,2.810677455903682,0.15,0.002967978576855765,0.015474922810437164,0.12,0.007500367028387157,0.007500165060866542,0
14.850000000000001,0.06524525966769296,dt,1,0,-2.50345526361922,2.824871446725672,-2.5284347728759267,2.8100000000000005,-3.0856427853923303,2.784140715002326,-2.4708601129410797,2.810708452446263,0.15,0.0030261209371020017,0.015172628722623926,0.12,0.007500381548958206,0.007500208358484876,0
14.9,0.06583797181372378,dt,1,1,-2.4959612679473793,2.824571398612141,-2.5209409200994135,2.81,-3.0856427853923303,2.784140715002326,-2.478360056165368,2.810679269703911,0.15,0.003075871093945199,0.014871446725671866,0.12,2.353410102028793,0.47668218709254656,1
14.950000000000001,0.06643068735036106,dt,1,1,-2.4884672262186984,2.824272503030387,-2.5134470244543587,2.8099999999999996,-3.0856427853923303,2.784140715002326,-2.485859983797665,2.810646322620563,0.15,0.0031181935965490714,0.014571398612141184,0.12,2.361331842738747,0.8536121182217867,0
15.0,0.06702340635325651,dt,1,1,-2.4809731379803854,2.8239747758459073,-2.505953084984272,2.81,-3.0856427853923303,2.784140715002326,-2.493359892786844,2.8106093746295615,0.15,0.003153943121665962,0.01427250303038674,0.12,2.369253598455547,1.156740414268539,0
15.05,0.06761612888611018,dt,1,1,-2.4734790028845253,2.8236782304615273,-2.4984591008837738,2.8100000000000005,-3.0856427853923303,2.784140715002326,-2.500859779720647,2.8105681923497126,0.15,0.003183876949200473,0.013974775845906784,0.12,2.3771753673005125,1.4008274048749336,0
15.100000000000001,0.06820885500176738,dt,1,1,-2.4659848206754256,2.8233828781010994,-2.490965071484723,2.8100000000000005,-3.0856427853923303,2.784140715002326,-2.5083596408103563,2.8105225454981344,0.15,0.0032086660301130694,0.01367823046152683,0.12,2.3850971476094465,1.5976813534218361,0
15.15,0.06880158474328688,dt,1,1,-2.458490591178417,2.823088728060861,-2.4834709962427137,2.81,-3.0856427853923303,2.784140715002326,-2.5158594718761993,2.8104722068071113,0.15,0.0032289048033638844,0.013382878101099394,0.12,2.393018937908221,1.7567488703191132,0
15.200000000000001,0.06939431814495436,dt,1,1,-2.4509963142899522,2.822795787932132,-2.475976874724261,2.8099999999999996,-3.0856427853923303,2.784140715002326,-2.5233592683334507,2.8104169519448687,0.15,0.0032451199016681046,0.013088728060861587,0.12,2.400940736891153,1.8855872436335213,0
15.25,0.0699870552332268,dt,1,1,-2.4435019899688464,2.822504063798608,-2.468482706594861,2.81,-3.0856427853923303,2.784140715002326,-2.530859025179201,2.8103565594401982,0.15,0.002456480758567231,0.012795787932132097,0.12,2.4088638110181675,1.9902425571104505,0
15.3,0.07057979602760128,dt,1,1,-2.4360076298735334,2.822213260150457,-2.4609884916080054,2.81,-3.0856427853923303,2.784140715002326,-2.5383587369797596,2.810290810610856,0.15,0.001954116940211586,0.012504063798608023,0.12,2.416786349881358,2.075551315664632,0
15.350000000000001,0.0711725402650952,dt,1,1,-2.4285132414007755,2.821923188746493,-2.453494233088669,2.81,-3.0856427853923303,2.784140715002326,-2.545858397858661,2.8102194894956654,0.15,0.0016582579312688145,0.012213260150456762,0.12,2.4247085095051903,2.145382754432744,0
15.4,0.07176528758611087,dt,1,1,-2.421018828903118,2.821633738724982,-2.445999935583362,2.81,-3.0856427853923303,2.784140715002326,-2.5533580014852544,2.810142382790455,0.15,0.0015095091432432558,0.011923188746493008,0.12,2.4326304054318295,2.2028322846325614,0
15.450000000000001,0.072358037635653,dt,1,1,-2.4135243945804334,2.8213448543485042,-2.4385056035804062,2.81,-3.0856427853923303,2.784140715002326,-2.56085754106385,2.810059279787627,0.15,0.0014638203414548661,0.011633738724981857,0.12,2.440552122754151,2.2503762522568795,0
15.5,0.07295079011302645,dt,1,1,-2.4060299391340814,2.8210565184980703,-2.431011240881588,2.81,-3.0856427853923303,2.784140715002326,-2.5683570093234063,2.8099699723192346,0.15,0.0014886789799227833,0.011344854348504185,0.12,2.448473723716327,2.2899957465487693,0
15.55,0.07354354479110281,dt,1,1,-2.3985354622465147,2.8207687404903488,-2.4235168503585656,2.8099999999999996,-3.0856427853923303,2.784140715002326,-2.575856398507735,2.809874254703457,0.15,0.001560232079987546,0.011056518498070655,0.12,2.4563952534627904,2.3232756479315735,0
15.600000000000001,0.07413630151842693,dt,1,1,-2.391040962931729,2.8204815471396656,-2.416022433926236,2.81,-3.0856427853923303,2.784140715002326,-2.5833557003662144,2.809771923694413,0.15,0.0016611118062493724,0.010768740490348705,0.12,2.4643167443801146,2.351483867221282,0
15.65,0.07472906021237606,dt,1,1,-2.383546439789779,2.820194976250037,-2.4085279926292262,2.81,-3.0856427853923303,2.784140715002326,-2.5908549061449886,2.8096627784352424,0.15,0.0017787941684964351,0.010481547139665537,0.12,2.472238219371159,2.375634737651257,0
15.700000000000001,0.07532182084833207,dt,1,1,-2.37605189118994,2.819909071922244,-2.4010335267787903,2.81,-3.0856427853923303,2.784140715002326,-2.5983540065786537,2.8095466204144137,0.15,0.0019043614682147554,0.010194976250037069,0.12,2.4801596943199478,2.3965397289849957,1
15.75,0.075914583447756,dt,1,1,-2.368557315400816,2.819623881212225,-2.3935390361035904,2.81,-3.0856427853923303,2.784140715002326,-2.6058529918824114,2.809423253425206,0.15,0.0012226149500450716,0.009909071922244106,0.12,2.488082459821141,2.4148482751522247,0
15.8,0.07650734806686912,dt,1,1,-2.361062722191775,2.8193391486517587,-2.3860445198928013,2.81,-3.0856427853923303,2.784140715002326,-2.6133518517446883,2.8092924835283264,0.15,0.0008282549401661495,0.009623881212224905,0.12,2.49600469910582,2.431079559942944,0
15.850000000000001,0.07710011451297391,dt,1,1,-2.3535681171976024,2.819054726463229,-2.3785499805827617,2.81,-3.0856427853923303,2.784140715002326,-2.6208505753202163,2.809154119017617,0.15,0.0006379611277348859,0.009339148651758666,0.12,2.5039265741024286,2.445648962774841,0
15.9,0.07769288251760968,dt,1,1,-2.3460735031347277,2.8187705433381764,-2.3710554215677067,2.81,-3.0856427853923303,2.784140715002326,-2.62834915122357,2.809007970389019,0.15,-0.05908804566645559,0.009054726463229024,0.12,2.5119430769500957,2.458907785609892,0
15.950000000000001,0.0782856518283987,dt,1,1,-2.3385797613702244,2.8184642193806795,-2.363560846038531,2.8099999999999996,-3.0856427853923303,2.784140715002326,-2.6358475675231663,2.8088538503126177,0.15,-0.10082628870466682,0.00877054333817684,0.12,2.519925257286389,2.4711112799451915,0
16.0,0.07887840135565685,dt,1,1,-2.331087659100533,2.8181201211672535,-2.3560665206389815,2.81,-3.0856427853923303,2.784140715002326,-2.643345811735715,2.8086915736076454,0.15,-0.1300007410604328,0.008464219380679427,0.12,2.527883337995032,2.4824656915551597,0
16.05,0.07947109813261877,dt,1,1,-2.323597951738136,2.817727331623526,-2.348572862178614,2.81,-3.0856427853923303,2.784140715002326,-2.650843870821497,2.8085209572364525,0.15,-0.15039914015267558,0.008120121167253469,0.12,2.535824663175759,2.49313748587928,0
16.1,0.08006370115817119,dt,1,1,-2.3161114098779367,2.8172782314392912,-2.3410803890478626,2.8099999999999996,-3.0856427853923303,2.784140715002326,-2.658341731180412,2.808341820310557,0.15,-0.16466647222111688,0.007727331623526457,0.12,2.543754452285916,2.503260879160607,0
16.150000000000002,0.08065616344690987,dt,1,1,-2.308628819309098,2.816767508051216,-2.3335896952985014,2.81,-3.0856427853923303,2.784140715002326,-2.665839378648797,2.8081539841057843,0.15,-0.17464959442810907,0.007278231439291183,0.12,2.5516763881706797,2.5129439809626217,0
16.2,0.08124843346389847,dt,1,1,-2.3011509738603633,2.8161914633959704,-2.326101432503522,2.8100000000000005,-3.0856427853923303,2.784140715002326,-2.6733367984970404,2.807957272084885,0.15,-0.1226720242944672,0.006767508051215287,0.12,2.5594975634761603,2.5222546974653297,0
16.25,0.08184045629876555,dt,1,1,-2.293676802279481,2.815569563742058,-2.3186162949126397,2.81,-3.0856427853923303,2.784140715002326,-2.6808339754280035,2.8077515099264643,0.15,-0.0826354022047623,0.00619146339597032,0.12,2.567343667515038,2.5312724914752716,0
16.3,0.08243221893285378,dt,1,1,-2.28620526403535,2.8149167879256543,-2.3111344471249815,2.81,-3.0856427853923303,2.784140715002326,-2.6883308935762735,2.8075365255592692,0.15,-0.05177039140219996,0.005569563742057859,0.12,2.575208536643931,2.5400597005090035,0
16.35,0.08302373694275629,dt,1,1,-2.278735440543566,2.8142446740948244,-2.303655692200606,2.81,-3.0856427853923303,2.784140715002326,-2.6958275365072106,2.807312149165617,0.15,-0.027954329316799795,0.004916787925654198,0.12,2.5830876146008652,2.548665283327376,0
16.400000000000002,0.08361504302819835,dt,1,1,-2.271266563772609,2.8135621202286267,-2.296179616706232,2.81,-3.0856427853923303,2.784140715002326,-2.7033238872158796,2.8070782131644614,0.15,-0.0095596625672729,0.004244674094824319,0.12,2.5909775055558373,2.5571277277730684,0
16.45,0.08420617830278881,dt,1,1,-2.2637980141040708,2.8128759964434518,-2.288705700829107,2.81,-3.0856427853923303,2.784140715002326,-2.7108199281260013,2.8068345521832185,0.15,0.0046619636359720796,0.003562120228626675,0.12,2.598875661260449,2.5654773144705447,0
16.5,0.08479718624855243,dt,1,1,-2.2563293047042285,2.8121916135822493,-2.2812333948118257,2.8099999999999996,-3.0856427853923303,2.784140715002326,-2.7183156410890588,2.806581003025356,0.15,-0.0525877489344004,0.0028759964434521557,0.12,2.6068884679053865,2.5737595451575133,0
16.55,0.08538810885399306,dt,1,1,-2.248862420628129,2.8114875949787366,-2.273762167780053,2.81,-3.0856427853923303,2.784140715002326,-2.7258110073836774,2.8063174046386163,0.15,-0.09271738864227946,0.0021916135822492855,0.12,2.614869667686272,2.5819815696632653,1
16.6,0.08597892841004641,dt,1,1,-2.241398880514988,2.8107489685646896,-2.266292243635259,2.81,-3.0856427853923303,2.784140715002326,-2.7333060077153855,2.8060435980870193,0.15,-0.1208836855165202,0.0014875949787365172,0.12,2.6228286577700644,2.590150987284625,0
16.650000000000002,0.08656959648619642,dt,1,1,-2.2351033602572787,2.810087487367642,-2.2588242347002367,2.8100000000000005,-3.0856427853923303,2.784140715002326,-2.740800622218589,2.8057594265747863,0.12660352710611858,-0.06977693026583325,0.0007489685646890898,0.12,2.6317981053282393,2.598480410893348,0
16.7,0.08713244382842038,dt,1,1,-2.230330043187005,2.8095691032232843,-2.251707972368642,2.81,-3.0856427853923303,2.784140715002326,-2.748294830460248,2.805464735498146,0.09602765846252546,-0.03190214315195616,8.748736764196963e-05,0.12,2.6411454053538694,2.607013409785453,0
16.75,0.0876396979201909,dt,1,1,-2.226254390181905,2.809119906752806,-2.2452945936156197,2.81,-3.0856427853923303,2.784140715002326,-2.755788612386452,2.8051593956178533,0.08200664579671796,-0.004134766046272418,-0.0004308967767157057,0.12,2.649705199005547,2.615551767629472,0
16.8,0.08809148260977928,dt,1,1,-2.222708498603232,2.808728355733326,-2.2395825325871255,2.81,-3.0856427853923303,2.784140715002326,-2.763281949434876,2.8048433261971315,0.07134888727530297,0.01590871511285365,-0.0008800932471939582,0.12,2.658114774113904,2.6240643689263585,0
16.85,0.08849186857369933,dt,1,1,-2.2195985362123576,2.808387445415208,-2.234520322393709,2.8099999999999996,-3.0856427853923303,2.784140715002326,-2.7707748247813124,2.8045164943707004,0.06257183365589698,0.03005575261940943,-0.0012716442666738104,0.12,2.666442684400111,2.632540032021109,0
16.900000000000002,0.0888459317306722,dt,1,1,-2.216828652207005,2.8080880259537286,-2.2300437865411706,2.8100000000000005,-3.0856427853923303,2.784140715002326,-2.7782672234319126,2.804178911106177,0.05572040709478755,0.03971250665424887,-0.0016125545847924805,0.12,2.674684064727672,2.6409688385624217,0
16.95,0.08915949956530918,dt,1,1,-2.214314672244842,2.8078213183331533,-2.22607924624289,2.8100000000000005,-3.0856427853923303,2.784140715002326,-2.7857591322466595,2.8038306262923847,0.05056175710961672,0.04596549864455385,-0.0019119740462718582,0.12,2.6828483458107795,2.6493447400120935,0
17.0,0.08943864860007411,dt,0,1,-2.2120443600927087,2.8075857366319172,-2.222549874045538,2.81,-3.0787481653341953,2.7870926998013994,-2.793250539895902,2.8034717231956208,0.04565004274294365,-0.0169912595419917,-0.00217868166684676,0.12,2.6911095732231796,2.657697706654311,0
17.05,0.08968792274122403,dt,0,1,-2.2100952559352223,2.8073818116045093,-2.219398219861836,2.81,-3.0718691383249905,2.7900808409303677,-2.8007414367657266,2.8031023127387398,0.03919485901764909,-0.060760927415530616,-0.002414263368082814,0.12,2.699414663402571,2.666041098003963,0
17.1,0.08990866285475904,dt,0,1,-2.2084522040517705,2.807204859368444,-2.2166073306860703,2.81,-3.065006093257906,2.793105508252102,-2.808231814888788,2.8027225291509397,0.033051061015121536,-0.09022400892336668,-0.0026181883954907725,0.12,2.7076814416497497,2.6743691667331206,0
17.150000000000002,0.090102167160817,dt,0,1,-2.20706086789884,2.8070486637084406,-2.2141607926980598,2.81,-3.0581597458094087,2.796167782997198,-2.8157216679867347,2.8023325284186624,0.028001524063201423,-0.10905898897439409,-0.002795140631556059,0.12,2.7158779473025887,2.6826709228470147,0
17.2,0.0902706337074105,dt,0,1,-2.2058550474801595,2.8069066323228027,-2.2120308152606247,2.81,-3.051331047564649,2.7992692149700154,-2.823210991499989,2.8019324867785604,0.02428312827140414,-0.12004441633090118,-0.0029513362915594143,0.12,2.7239971614295477,2.6909361705635213,0
17.25,0.09041717191728806,dt,0,1,-2.2047700232492784,2.806772221638116,-2.210178084928861,2.81,-3.0445211168454285,2.8024116413572866,-2.830699782560717,2.801522598441618,0.021866356017928024,-0.12528556803004204,-0.0030933676771973673,0.12,2.7320438292308107,2.6991577022969793,0
17.3,0.09054549404749773,dt,0,1,-2.2037485149027325,2.806639176835884,-2.208555666427402,2.81,-3.037731186550956,2.8055970528842646,-2.8381880399034762,2.801103072556108,0.020602720417105452,-0.12638231446094772,-0.0032277783618841482,0.12,2.7400276376671377,2.707331689371011,0
17.35,0.09065955782123096,dt,0,1,-2.2027427714885097,2.8065017166852306,-2.207113520972455,2.81,-3.030962565212151,2.8088274963788753,-2.845675763724695,2.800674129696097,0.02030187290148818,-0.12455279203489135,-0.0033608231641162334,0.12,2.747959712937464,2.7154572940843016,1
17.400000000000002,0.09076326667615764,dt,0,1,-2.2017146731474813,2.8063546733028657,-2.2058022961297623,2.81,-3.0242166082668405,2.812105005325013,-2.8531629555074978,2.8002359982003897,0.02077121041367625,-0.12072460621812074,-0.0034982833147694237,0.12,2.7558508600567744,2.7235360072787964,0
17.45,0.09086025752414666,dt,0,1,-2.2006348616167593,2.8061935765092283,-2.204576009237607,2.81,-3.0174946972231305,2.8154315518706743,-2.86064961782824,2.799788910630473,0.021835247823653602,-0.11560248690604925,-0.0036453266971343545,0.12,2.7637107299488686,2.7315709518128113,0
17.5,0.09095377281442922,dt,0,1,-2.199481457424233,2.806014679281051,-2.203393664953922,2.81,-3.0107982248987404,2.81880901518042,-2.868135754158529,2.799333100533693,0.023343910979834508,-0.10971896018597238,-0.00380642349077176,0.12,2.7715474892185044,2.73956625929395,0
17.55,0.09104660141613649,dt,0,1,-2.1978010814912476,2.80574459844063,-2.202220002697627,2.81,-3.004128585329381,2.8222391621182106,-2.875621368673125,2.7988687996195525,0.03403884214552555,-0.03411020830660981,-0.003985320718948859,0.12,2.7788207066513237,2.747417148765425,0
17.6,0.09115145328649749,dt,0,1,-2.1957061178265125,2.8054042160985793,-2.2008943263383873,2.81,-2.9974871672538472,2.825723637106781,-2.8831064660707812,2.7983962353936502,0.042448712090432036,0.01807403885868155,-0.004255401559369876,0.12,2.786244995740401,2.75518271816042,0
17.650000000000002,0.0912745587552357,dt,0,1,-2.193584931306171,2.805061540395101,-2.1993378637875765,2.81,-2.990874761184183,2.829262858203275,-2.890591050831807,2.797915620209722,0.04297375427785119,0.05313549673528575,-0.004595783901420791,0.12,2.7940858443275305,2.7629633433938423,0
17.7,0.09141106395702402,dt,0,1,-2.1915749438438623,2.8047423059079883,-2.197611984045985,2.81,-2.984291728205846,2.832856418666956,-2.898075126804194,2.7974271462190807,0.040703612893200444,0.0757600891778778,-0.004938459604899137,0.12,2.802084612203641,2.770787597155802,0
17.75,0.09155431044804198,dt,0,1,-2.1896955715821056,2.8044511105612044,-2.195800871988253,2.8099999999999996,-2.9777381209437674,2.836503366960314,-2.9055586974162977,2.796930990100844,0.03803595576950439,0.08941570361652619,-0.005257694092011267,0.12,2.81011730545379,2.7786535388153997,0
17.8,0.09169917661266784,dt,0,1,-2.187915639093097,2.8041834658508917,-2.193969281869383,2.81,-2.9712137723193823,2.8402024040008813,-2.9130417660170393,2.7964273192593265,0.03599885196161986,0.0966624271086104,-0.005548889438795612,0.12,2.8181290844959417,2.7865486479515083,0
17.85,0.09184281704845845,dt,0,1,-2.1861865696958382,2.803932008930977,-2.192153189039537,2.81,-2.9647183621595756,2.843952023562368,-2.920524336148912,2.795916296538108,0.03494516597820267,0.09938778505234991,-0.005816534149108321,0.12,2.8260995954518284,2.7944588374515726,0
17.900000000000002,0.09198439259798234,dt,0,1,-2.184457914478055,2.8036893780253997,-2.190363203239532,2.81,-2.958251467933051,2.8477506126508247,-2.928006411700416,2.795398082835478,0.034911995751087735,0.09898210247875713,-0.006067991069023115,0.12,2.834024892775527,2.8023720485163635,0
17.95,0.09212451289949629,dt,0,1,-2.1827003117725825,2.8034515479440185,-2.188591616614257,2.81,-2.951812603602694,2.8515965229637747,-2.9354879969442043,2.7948728379022088,0.03547241417154447,0.09646801460964902,-0.006310621974600306,0.12,2.841924403644984,2.8102825195420875,0
18.0,0.09226430139147948,dt,0,1,-2.180908295733922,2.8032178574255617,-2.186824225164988,2.81,-2.9454012492650037,2.8554881210361067,-2.9429690964875963,2.7943407198496515,0.03614378364938568,0.09259456257130871,-0.006548452055981535,0.12,2.8498206511854822,2.8181901458707665,0
18.05,0.09240467417408837,dt,0,1,-2.1790732871547522,2.802987195314869,-2.185049446338968,2.81,-2.9390168732797153,2.859423822152613,-2.950449715189375,2.793801884217386,0.036988979412443765,0.0879057582969326,-0.006782142574438321,0.12,2.8577097008033943,2.826094056857292,0
18.1,0.09254647608456015,dt,0,1,-2.177188223736541,2.8027586529874013,-2.1832565985837467,2.81,-2.93265894822541,2.863402111860998,-2.9579298580876334,2.7932564832441202,0.03797733895955924,0.08279274444468962,-0.007012804685130991,0.12,2.865592444771926,2.8339937344402193,0
18.150000000000002,0.0926904660821867,dt,0,1,-2.175249097560769,2.8025316974010774,-2.1814360861297164,2.81,-2.926326962131559,2.8674215586024383,-2.965409530330852,2.792704665217933,0.03904724914115182,0.07753291664226866,-0.007241347012598709,0.12,2.873471461695784,2.8418892798913324,1
18.2,0.09283727053836267,dt,0,1,-2.1732550616714152,2.8023061477218167,-2.179579989559255,2.81,-2.920020426066985,2.871480819971977,-2.9728887371136588,2.792146573917143,0.04013503101204327,0.07231917332809064,-0.007468302598922616,0.12,2.881349554460834,2.849781334805233,0
18.25,0.09298734800958082,dt,0,1,-2.1712079465417853,2.802082088094489,-2.177682511193219,2.81,-2.9137388789218015,2.875578644451239,-2.980367483620844,2.7915823481810533,0.04118680891042183,0.0672817891991706,-0.007693852278183311,0.12,2.889229137620709,2.8576708953683285,0
18.3,0.09314097605203636,dt,0,1,-2.1691115976230755,2.8018597739490114,-2.175740141798201,2.8099999999999996,-2.9074818900471624,2.879713869985916,-2.9878457749825436,2.791012121638763,0.042162079494522206,0.06250480585546955,-0.00791791190551061,0.12,2.897112040715818,2.865559124437827,0
18.35,0.09329825771045394,dt,0,1,-2.1669712237588143,2.801639553226458,-2.173751578546174,2.8100000000000005,-2.9012490602852994,2.8838854204362447,-2.995323616242045,2.7904360226041325,0.043033463469507004,0.05803834677333777,-0.008140226050989074,0.12,2.9049995043025767,2.873447200410777,0
18.400000000000002,0.09345914152104555,dt,0,1,-2.1647928344358136,2.8014218076720674,-2.171717472110577,2.81,-2.895040021816668,2.8880923006692742,-3.002801012336283,2.7898541741274014,0.04378489771152211,0.05390789214998711,-0.008360446773541863,0.12,2.91289225609022,2.8813362115466656,0
18.45,0.09362344886645338,dt,0,1,-2.162582789062892,2.8012069127264247,-2.1696400808088607,2.81,-2.888854437164253,2.8923335908630494,-3.010277968088056,2.789266694182187,0.04440937012854931,0.050121273864362395,-0.008578192327932666,0.12,2.92079061206105,2.8892270916495426,0
18.5,0.0937909038188945,dt,0,1,-2.1603474559652507,2.8009952124010837,-2.167522893285886,2.81,-2.8826919976232244,2.8966084404397208,-3.017754488208349,2.788673695960558,0.044906708118765286,0.04667395014986178,-0.008793087273575306,0.12,2.9286945768950408,2.8971205886986424,0
18.55,0.09396116212172105,dt,0,1,-2.1580929680587846,2.8007870053125252,-2.1653702620906166,2.8099999999999996,-2.87655242132468,2.9009160619266146,-3.0252305773068455,2.7880752882472546,0.04528163385801563,0.04355297436605043,-0.009004787598915875,0.12,2.936603932848009,2.905017257528516,0
18.6,0.0941338372738562,dt,0,1,-2.155825058739953,2.8005825385641603,-2.163187073882094,2.8100000000000005,-2.870435451093393,2.905255724953803,-3.032706239908648,2.787471575845521,0.045542153351063916,0.04073996723362995,-0.009212994687475273,0.12,2.9445183135300077,2.912917468728814,0
18.650000000000002,0.09430852268289361,dt,0,1,-2.153548961569708,2.800382006867876,-2.1609784693405847,2.81,-2.8643408522197307,2.909626750527871,-3.0401814804753338,2.786862660030177,0.045698276946119526,0.038213325619285005,-0.009417461435839769,0.12,2.952437262491823,2.920821427481416,0
18.7,0.09448480955256021,dt,0,1,-2.151465734649182,2.8002024782565824,-2.158749617010562,2.81,-2.858268410233904,2.9140285056697173,-3.047656303428676,2.786248639007583,0.04181896662844592,-0.030001574702135374,-0.00961799313212408,0.12,2.96065564154634,2.928788270294401,0
18.75,0.09465764103211921,dt,0,1,-2.1496995199158486,2.800047599679493,-2.1565644523034857,2.81,-2.852217928745246,2.918460398465737,-3.0551307131756222,2.7856296083663774,0.03545984691385723,-0.07628363614534689,-0.009797521743417636,0.12,2.968958627933268,2.9368223418221744,0
18.8,0.0948205316943609,dt,0,1,-2.148251594632985,2.7999150647560165,-2.1545049725886147,2.8099999999999996,-2.846189949092972,2.9229228486124357,-3.0626047144789785,2.7850056656467097,0.029079567608173013,-0.10725929820317306,-0.009952400320506705,0.12,2.977237994778535,2.9449054724134465,0
18.85,0.0949689114334198,dt,0,1,-2.147071271051833,2.799800638318166,-2.1526289592034145,2.81,-2.8401855286418245,2.9274169486386743,-3.070078312940472,2.784376916065107,0.023717142879383986,-0.1269398898770902,-0.010084935243983573,0.12,2.9854500853501587,2.953014395000789,0
18.900000000000002,0.09510078389074517,dt,0,1,-2.1460888811792964,2.799699102774943,-2.150961652759483,2.81,-2.8342060844512025,2.9319442267581666,-3.0775515153447666,2.7837434763880724,0.01975246139801651,-0.137885955769165,-0.010199361681833885,0.12,2.993580603184567,2.9611276366375447,0
18.95,0.09521640469289071,dt,0,1,-2.1452346207285182,2.7996048533521916,-2.149499821287017,2.81,-2.828253276691371,2.9365064717948224,-3.085024329809721,2.783105476409729,0.01718887863070135,-0.14254293725406791,-0.010300897225056893,0.12,3.001633173575873,2.9692287440252105,0
19.0,0.09531760908995265,dt,0,1,-2.144446730949056,2.7995122381891537,-2.148220261121097,2.81,-2.8223289173019546,2.941105598432026,-3.0924967657627986,2.782463058378263,0.015866289711284034,-0.14273534491291184,-0.010395146647808495,0.12,3.0096183159885106,2.977306658417871,1
19.05,0.09540714716455027,dt,0,1,-2.143674290479689,2.7994158453791864,-2.147088202071151,2.81,-2.816434903599976,2.9457435508337744,-3.0999688337923703,2.781816375023404,0.015568633241599829,-0.13982864231645675,-0.010487761810846319,0.12,3.0175485610374615,2.985355038941789,0
19.1,0.09548815223321319,dt,0,1,-2.1428773579472287,2.7993107327071813,-2.1460640285954153,2.8100000000000005,-2.8105731706855477,2.9504222351830234,-3.107440545424218,2.7811655868162974,0.016076692882673153,-0.13484612211595917,-0.010584154620814079,0.12,3.0254361012380877,2.993371251401049,0
19.150000000000002,0.09556376534377743,dt,0,1,-2.1420258939824715,2.7991925815364116,-2.1451080274026992,2.8099999999999996,-2.8047456580198924,2.9551434740174427,-3.1149119128648373,2.780510858958897,0.017192446974580125,-0.12855371635803228,-0.010689267292818272,0.12,3.033291743238919,3.001355349768623,0
19.200000000000003,0.09563689800189684,dt,0,1,-2.14109821044537,2.799057770773331,-2.144183387378411,2.8100000000000005,-2.7989542866741184,2.95990897692221,-3.122382948741906,2.7798523584474664,0.018748553937319917,-0.12152211357865901,-0.010807418463588903,0.12,3.041124533291473,3.0093091864731933,0
19.25,0.09571010287628387,dt,0,1,-2.1400793350288354,2.7989033808312898,-2.1432578343003224,2.8100000000000005,-2.7932009445828356,2.96472032338455,-3.1298536658618517,2.7791902514215625,0.0206101273030676,-0.11417281694154377,-0.010942229226669653,0.12,3.0489417289089986,3.0172356949603545,0
19.3,0.09578552209695101,dt,0,1,-2.1389594843845177,2.798727144792234,-2.1423042845207476,2.81,-2.787487477765926,2.969578954563398,-3.1373240769959594,2.7785247009070253,0.022672667307051926,-0.10681277050434801,-0.011096619168710298,0.12,3.0567489409794453,3.025138344164173,0
19.35,0.09586488729355062,dt,0,1,-2.1377327306996765,2.7985273653080154,-2.1413008444818025,2.81,-2.781815685960784,2.9744861714649753,-3.1447941947001423,2.7778558649886933,0.024858289929811036,-0.0996607546892076,-0.011272855207765886,0.12,3.0645503490499,3.033020745141319,0
19.400000000000002,0.09594955126158852,dt,0,1,-2.1363958863751056,2.7983028134998,-2.140230410349146,2.81,-2.776187321474867,2.979443137594945,-3.152264031169117,2.7771838954010057,0.02711144601610861,-0.09286776175911209,-0.011472634691984673,0.12,3.072348935367143,3.0408863831864843,0
19.450000000000003,0.09604053659306228,dt,0,1,-2.134511751370079,2.797977329731663,-2.139080053158978,2.81,-2.7706040903517732,2.9844508846159234,-3.159733598122916,2.776508936496549,0.03824083890548375,-0.01723068727606595,-0.011697186500200019,0.12,3.0796001633678305,3.048629139222754,0
19.5,0.0961489329560635,dt,0,1,-2.1324129615471445,2.797612901989119,-2.1377095626244405,2.81,-2.765067655163112,2.9895103199007904,-3.16720290672208,2.775831124538514,0.04260387916792741,0.03452265095766754,-0.012022670268337254,0.12,3.0872245030448835,3.0563482119871797,0
19.55,0.0962746103564773,dt,0,1,-2.130394961711718,2.7972660896699004,-2.136120582303482,2.81,-2.7595787952256754,2.9946213292519075,-3.1746719666700556,2.77515057807166,0.04095168919857586,0.06890613986340013,-0.012387098010881115,0.12,3.0951741090770932,3.0641133914051624,0
19.6,0.09641046750359174,dt,0,1,-2.1285443423472907,2.7969546036758026,-2.134402896128278,2.81,-2.7541376671503954,2.9997831240239226,-3.1821407862367366,2.774467398534228,0.03753300177983959,0.09073059878679021,-0.01273391033009963,0.12,3.1032311149126732,3.071936936106665,0
19.650000000000002,0.09654947888063468,dt,0,1,-2.1268528418997428,2.7966777846612847,-2.132645329996394,2.81,-2.748743990169018,3.004994481680096,-3.1896093728526287,2.7737816770449055,0.03428003810297632,0.10353673009798176,-0.013045396324197434,0.12,3.1112942314793286,3.079808395181198,0
19.700000000000003,0.09668692265547622,dt,0,1,-2.1252743491184747,2.7964278431086966,-2.13090758356989,2.81,-2.743397181030391,3.0102539143524565,-3.1970777336927387,2.7730935009323354,0.0319631678043675,0.10992646357794957,-0.01332221533871536,0.12,3.1193212488681303,3.0877109659185846,0
19.75,0.09682058767033438,dt,0,1,-2.123752444863679,2.796195429124533,-2.1292176132370306,2.81,-2.7380964541714814,3.0155597879626397,-3.204545876065995,2.7724029580352063,0.030790965043661918,0.11181080954321188,-0.013572156891303422,0.12,3.127298914666121,3.095628555668092,0
19.8,0.0969502648243852,dt,0,1,-2.1222328795326804,2.795972058307487,-2.127578062727662,2.81,-2.732840896980273,3.0209104064885617,-3.212013807593526,2.7717101386502976,0.03071789912790645,0.11059273706441183,-0.01380457087546727,0.12,3.1352273670044144,3.1035483179353567,1
19.85,0.09707709497804147,dt,0,1,-2.120671578175804,2.7957513653466726,-2.125974507771875,2.81,-2.7276295264703663,3.0263040710506632,-3.219481536218989,2.77101513564567,0.03153643803562608,0.10730115201597895,-0.014027941692512869,0.12,3.1431153086208754,3.1114617160724607,0
19.900000000000002,0.09720292254108731,dt,0,1,-2.119060748913167,2.7955324797913814,-2.124383628895835,2.81,-2.722461331664781,3.0317391204940005,-3.2269490701064036,2.7703180433703487,0.03251265476507213,0.10268859717244712,-0.014248634653327485,0.12,3.1509976592786386,3.1193689047136965,0
19.950000000000003,0.09732922348558289,dt,0,1,-2.1173909307089405,2.7953143044551716,-2.122786764903891,2.8099999999999996,-2.717335304740489,3.0372139582058812,-3.234416417480559,2.769618955969735,0.03368022156991814,0.09730084540572564,-0.01446752020861819,0.12,3.158871919747844,3.127269507720526,0
20.0,0.09745725548280364,dt,0,1,-2.115654998295049,2.795096074930978,-2.1211680146483407,2.81,-2.712250462826055,3.0427270682814385,-3.241883586500316,2.768917966076524,0.03499191604259155,0.09152965744445904,-0.014685695544828459,0.12,3.1667397978091225,3.135163565738246,0
20.05,0.0975880679705327,dt,0,1,-2.113849355365613,2.794877471199093,-2.1195141097453694,2.8099999999999996,-2.7072058627485878,3.0482770241423816,-3.249350585152162,2.7682151637335233,0.03637655277904275,0.08565226793315028,-0.014903925069021717,0.12,3.1746043433220685,3.1430517212550106,0
20.1,0.0977224808881267,dt,0,1,-2.1119738478509373,2.7946585548008906,-2.1178146834345433,2.81,-2.702200610432938,3.0538624918270685,-3.2568174211631336,2.7675106355330503,0.03776481339558069,0.07986086800905706,-0.01512252880090692,0.12,3.182468635753439,3.1509351041546965,0
20.150000000000002,0.09786107184889081,dt,0,1,-2.1100311674726777,2.7944396570030063,-2.11606243276265,2.81,-2.697233866259112,3.0594822295711066,-3.2642841019347824,2.7668044639856983,0.0390994797816728,0.07428463598060954,-0.015341445199109405,0.12,3.1903352521554758,3.1588151337548527,0
20.200000000000003,0.09800418131314496,dt,0,1,-2.108026119122738,2.794221270338782,-2.1142530531789383,2.81,-2.692304847399533,3.0651350848745715,-3.2717506344990688,2.7660967271232604,0.04033812896358797,0.0690062397415343,-0.015560342996993715,0.12,3.198206113900583,3.166693329783999,0
20.25,0.09815193359295535,dt,0,1,-2.105964922213659,2.7940039615293006,-2.112384972965452,2.8099999999999996,-2.687412827941465,3.0708199899416666,-3.279217025495454,2.765387498324425,0.04145241038432365,0.06407423456296191,-0.01577872966121774,0.12,3.206082506504039,3.1745711651280075,0
20.3,0.09830426813295826,dt,0,1,-2.10385461402606,2.7937883086754014,-2.1104589577433845,2.81,-2.6825571374289123,3.076535956145757,-3.286683281167095,2.764676846338085,0.042425967520102054,0.05951240119280027,-0.015996038470699414,0.12,3.2139651694530675,3.18244996599302,0
20.35,0.09846097556426932,dt,0,1,-2.101702573365532,2.793574859750835,-2.1084776546317565,2.81,-2.6777371583202916,3.082282067995735,-3.29414940737315,2.7639648354707096,0.04325200318118698,0.05532679012628653,-0.016211691324598654,0.12,3.221854405946126,3.1903308539836415,0
20.400000000000002,0.0986217342448577,dt,0,1,-2.099516159870149,2.7933641077795315,-2.106445130255559,2.81,-2.6729523227461494,3.0880574769447553,-3.3016154096138193,2.7632515259009423,0.04393094747988589,0.05151103521496962,-0.016425140249165082,0.12,3.229750189413214,3.198214721069556,0
20.450000000000003,0.09878614439659084,dt,0,1,-2.097302454764709,2.7931564781965816,-2.1043664391399766,2.81,-2.6682021088603176,3.0938613952797125,-3.3090812930647364,2.762536974085241,0.044468417275935215,0.04805035340591322,-0.016635892220468573,0.12,3.237652257182749,3.2061022282921954,0
20.5,0.09895375815134479,dt,0,1,-2.095068085915887,2.7929523246282293,-2.102247243827621,2.81,-2.66348603700466,3.0996930902522117,-3.31654706261757,2.7618212332215335,0.04487352373976107,0.044924541663585664,-0.016843521803418415,0.12,3.245560188269419,3.2139938202876404,0
20.55,0.09912410473615157,dt,0,1,-2.09281912024588,2.792751930177514,-2.1000934964545115,2.81,-2.6588036658490157,3.105551878553626,-3.3240127229240994,2.761104353742463,0.045157522167399,0.04211020539576457,-0.017047675371770765,0.12,3.253473465388283,3.221889749307769,0
20.6,0.0992967106544044,dt,0,1,-2.0905610081700443,2.792555512070432,-2.0979111835925206,2.8100000000000005,-2.6541545886216262,3.1114371211938043,-3.331478278441482,2.7603863838149034,0.04533277057416168,0.0395823965468145,-0.01724806982248639,0.12,3.261391522688645,3.2297901039839445,1
20.650000000000002,0.09947111513138288,dt,0,1,-2.0884857211183743,2.7923791343033577,-2.0957061309665646,2.81,-2.64953842950908,3.1173482188116464,-3.3389437334769108,2.7596673698275622,0.04165537402807938,-0.029277795092836498,-0.017444487929568098,0.12,3.2696010908869293,3.2377523013645417,0
20.700000000000003,0.09964244053937035,dt,0,1,-2.0867237927605373,2.792226790534246,-2.093540008013067,2.8099999999999996,-2.6449548402768146,3.1232846074234084,-3.346409092230295,2.758947356853186,0.0353700447392282,-0.07599715919024266,-0.017620865696641896,0.12,3.277901063367179,3.2457820537650695,0
20.75,0.0998041752446722,dt,0,1,-2.085278771129065,2.7920963140876234,-2.091495143438414,2.8099999999999996,-2.640404469933737,3.129246497202735,-3.3538743592134486,2.7582263930051067,0.029018005572725193,-0.10714093930899576,-0.01777320946575367,0.12,3.286179182357885,3.2538614794836325,0
20.8,0.09995167691622059,dt,0,1,-2.084099023787081,2.7919834156231262,-2.089630231746836,2.81,-2.6358886565028556,3.135234604504502,-3.361339539798937,2.7575045351063183,0.023702741227152567,-0.12655372803336215,-0.017903685912376677,0.12,3.294388428981177,3.2619668693831416,0
20.85,0.10008292105332026,dt,0,1,-2.0831155913504094,2.7918830202070706,-2.087970869360235,2.81,-2.631409208090097,3.1412499633398028,-3.3688046405948127,2.756781852529097,0.019770873496762955,-0.1374595829057948,-0.018016584376873812,0.12,3.3025172003332726,3.270076935573168,0
20.900000000000002,0.10019812676919793,dt,0,1,-2.082260034801191,2.7917897334544204,-2.086514285958694,2.81,-2.6269682363820896,3.147293784175059,-3.376269669584247,2.7560584285960505,0.01721254690196236,-0.1422439260937412,-0.018116979792929477,0.12,3.310569667997419,3.278175482058018,0
20.950000000000003,0.10029907135960808,dt,0,1,-2.081472071848566,2.7916981415887117,-2.0852380106129216,2.81,-2.6225680350111915,3.1533673521458274,-3.383734636067256,2.755334359947684,0.015865367119280445,-0.14267955266700286,-0.018210266545579668,0.12,3.3185563787409404,3.2862516613946027,0
21.0,0.10038842930579514,dt,0,1,-2.080702091335097,2.791603068022533,-2.084108228985159,2.81,-2.618210991506063,3.159471954663143,-3.3911995504681722,2.754609754546797,0.015516558563131456,-0.14008892123799388,-0.018301858411288396,0.12,3.326489631642387,3.2942992554441597,0
21.05,0.10046924991489736,dt,0,1,-2.0799111771034764,2.79149978032027,-2.0830863876917483,2.81,-2.6138995244642524,3.1656088310630213,-3.3986644240694126,2.75388472894897,0.015952600681002398,-0.13546066267112816,-0.018396931977466835,0.12,3.334381282066704,3.3023156607686683,0
21.1,0.10054459110192197,dt,0,1,-2.0790700039248016,2.7913841294847606,-2.082133824516941,2.8100000000000005,-2.6096360396911957,3.171779138801693,-3.4061292687189946,2.753159405326299,0.016981724674197767,-0.1295336332994116,-0.018500219679730368,0.12,3.342241783316424,3.31030088527822,0
21.150000000000002,0.10061728923446867,dt,0,1,-2.078157311716121,2.7912526172654135,-2.081214678341043,2.81,-2.6054229005820666,3.1779839320171943,-3.4135940965447182,2.752433908577651,0.01844237003884217,-0.12285810476951156,-0.018615870515239497,0.12,3.3500798614620617,3.3182566805149882,0
21.200000000000003,0.10068983422770142,dt,0,1,-2.077158319702256,2.791102400123854,-2.0802974683553868,2.81,-2.601262409153593,3.1842241492468744,-3.421058919695329,2.75170836372714,0.020204457264515942,-0.11584084996653814,-0.018747382734586537,0.12,3.357902510638251,3.326185846539641,0
21.25,0.10076431973949226,dt,0,1,-2.07606325714859,2.7909312451915893,-2.0793557237613514,2.81,-2.5971567949812524,3.190500607823801,-3.4285237501192425,2.7509828937124476,0.022167146927651205,-0.1087788231852605,-0.018897599876146032,0.12,3.3657151425754823,3.3340917057468094,0
21.3,0.10084244316969734,dt,0,1,-2.074866085976711,2.790737454845582,-2.0783679837795175,2.81,-2.5931082099425136,3.1968140030422316,-3.435988599384487,2.7502576175945603,0.0242550902944761,-0.10188467527506556,-0.01906875480841075,0.12,3.3735217997138096,3.3419777245402096,0
21.35,0.1009255359693417,dt,0,1,-2.0735634350107537,2.790519774539596,-2.0773174144407704,2.8099999999999996,-2.5891187271623775,3.2031649106267426,-3.443453478538969,2.7495326491752654,0.026414270799883285,-0.09530633543761083,-0.0192625451544175,0.12,3.3813253820929154,3.349847256050751,0
21.400000000000002,0.10101461014518119,dt,0,1,-2.0717215777698854,2.7902029604469685,-2.076191220613968,2.81,-2.585190342940365,3.2095537913897747,-3.4509183980074343,2.748808095982372,0.03737811801054952,-0.02009236978454431,-0.019480225460403844,0.12,3.388585549729554,3.3575949147865116,1
21.450000000000003,0.10112066553523723,dt,0,1,-2.069631991604358,2.7898413732885166,-2.0748503277631,2.8100000000000005,-2.5813249807346885,3.21598099723827,-3.458383367520096,2.7480840585696464,0.04241280757658135,0.031419963433736486,-0.019797039553032025,0.12,3.3961770851336004,3.3653113488559296,0
21.5,0.10124448587080823,dt,0,1,-2.0676035209398917,2.789493642964219,-2.073284826918008,2.81,-2.577523435707866,3.2224461542672245,-3.4658483951991252,2.7473606211146264,0.04116119344740539,0.06574794799546584,-0.020158626711483496,0.12,3.404106915320233,3.3730704621487906,0
21.55,0.10137929152366681,dt,0,1,-2.0657313173550884,2.7891790327000754,-2.071580435127273,2.81,-2.573785719761433,3.228948421525941,-3.473313487544334,2.746637851249795,0.03796907099866717,0.08768310576452101,-0.020506357035781075,0.12,3.4121524867113844,3.3808868670613093,0
21.6,0.10151807900368093,dt,0,1,-2.0640129327735273,2.7888980113563635,-2.069825699798473,2.81,-2.5701113040891777,3.235486668192096,-3.480778650059538,2.74591580649939,0.034824236191303516,0.10073573239346467,-0.020820967299924664,0.12,3.420209831285596,3.388751459906167,0
21.650000000000002,0.10165600395555373,dt,0,1,-2.062406409137878,2.788643584898509,-2.068081869693988,2.81,-2.5664992931486377,3.242059595771601,-3.488243887875532,2.745194540701884,0.03253091461582762,0.10747374577299348,-0.02110198864363655,0.12,3.4282351155057897,3.3966481910260917,0
21.700000000000003,0.10179067090859072,dt,0,1,-2.0608583765574613,2.788406941833353,-2.066379231530288,2.81,-2.5629485517506905,3.248665822798044,-3.4957092061684696,2.744474108342026,0.031320311686305884,0.10977510202516735,-0.02135641510149089,0.12,3.43621400913943,3.40456135464876,0
21.75,0.10192166939054705,dt,0,1,-2.0593168251572176,2.7881799412763137,-2.0647229750417018,2.81,-2.559457798945197,3.255303943379273,-3.5031746103567274,2.74375456660874,0.031163504119331095,0.10901319829701098,-0.02159305816664725,0.12,3.4441458647542382,3.4124782566698557,0
21.8,0.1020499461577318,dt,0,1,-2.057736151053763,2.7879559752876792,-2.0631011300797466,2.81,-2.5560256775418426,3.2619725671257918,-3.510640106123595,2.743035975657723,0.031929242931191044,0.1061920213675491,-0.02182005872368631,0.12,3.452035667418942,3.420389738819673,0
21.85,0.10217724602549445,dt,0,1,-2.056107688824988,2.7877340517160336,-2.0614916363754734,2.81,-2.552650805252306,3.2686703456402935,-3.5181056993252624,2.742318397684805,0.032870286291411616,0.10204438589444209,-0.02204402471232081,0.12,3.4599190238313633,3.4282955958220116,0
21.900000000000002,0.10230499597714313,dt,0,1,-2.05442471711583,2.7875134400638695,-2.0598764521139854,2.81,-2.549331811729329,3.275395989252204,-3.5255713958356325,2.741601895336557,0.033947390326196855,0.09710133148228169,-0.02226594828396644,0.12,3.467797031366455,3.4361958829309005,0
21.950000000000003,0.10243435438486254,dt,0,1,-2.052681291277977,2.787293508293249,-2.0582409316183368,2.81,-2.54606736405355,3.2821482763737726,-3.5330372014236584,2.7408865304493832,0.035144863839945126,0.09174404699463001,-0.02248655993613058,0.12,3.475669863237222,3.4440906789921653,0
22.0,0.10256627316340453,dt,0,1,-2.050874090695515,2.7870739484966456,-2.0565730395201722,2.81,-2.5428561835587016,3.2889260577090997,-3.5405031216579914,2.7401723630638366,0.03640978137553334,0.08624270176084883,-0.02270649170675121,0.12,3.483539685103581,3.4519804802144485,0
22.05,0.10270149744445049,dt,0,1,-2.049002713890287,2.7868547763263622,-2.0548633548768684,2.81,-2.5396970562304264,3.295728256950797,-3.547969161832817,2.739459450651341,0.0376833522254674,0.08078533355952867,-0.022926051503354472,0.12,3.491409069201411,3.4598661980118415,0
22.1,0.1028405583464246,dt,0,1,-2.0470693113413274,2.7866362527651267,-2.053105162585144,2.8099999999999996,-2.536588838341387,3.3025538691251195,-3.5554353269141235,2.7387478475465956,0.0389142542682676,0.07549932574834811,-0.02314522367363736,0.12,3.4992803095595426,3.467749020321382,0
22.150000000000002,0.10298377662579926,dt,0,1,-2.0450779948840383,2.786418793433656,-2.05129440721641,2.81,-2.5335304585880305,3.3094019574192535,-3.5629016215061897,2.7380376045850103,0.04006309920070854,0.07046740159733611,-0.023363747234873333,0.12,3.507155181826631,3.475630252622432,0
22.200000000000003,0.10313127924674631,dt,0,1,-2.0430342295422457,2.7862028905282665,-2.0494294835212754,2.81,-2.5305209177033636,3.316271649090902,-3.5703680498371493,2.7373287689350563,0.041102753371848114,0.0657395682167053,-0.023581206566344104,0.12,3.5150349121757096,3.483511184533088,1
22.25,0.10328302541046162,dt,0,1,-2.040944295506547,2.785989054217218,-2.0475109073323132,2.8100000000000005,-2.5275592862981666,3.3231621308897132,-3.5778346157614247,2.7366213841045357,0.042016902510754864,0.061342061072863385,-0.023797109471733968,0.12,3.5229202360287295,3.4913929948322164,0
22.3,0.10343883754183457,dt,0,1,-2.0388148496709984,2.785777772721675,-2.045540923789505,2.81,-2.5246447015096014,3.3300726442939594,-3.5853013227761337,2.7359154900923093,0.04279803470671658,0.05728405675062513,-0.024010945782781956,0.12,3.5308114878149843,3.49927669342877,0
22.35,0.10359843338427817,dt,0,1,-2.0366525885999036,2.785569487693665,-2.0435231015548414,2.81,-2.5217763628989736,3.337002480772173,-3.5927681740482678,2.735211123653707,0.04344539373726586,0.05356271517636148,-0.024222227278325015,0.12,3.53870869400082,3.50716309354318,0
22.400000000000002,0.10376145646176603,dt,0,1,-2.034464002822146,2.78536458107996,-2.0414619476708706,2.81,-2.518953527931544,3.343950977210012,-3.6002351724494943,2.7345083186479755,0.043963141047667124,0.05016696351073741,-0.02443051230633486,0.12,3.5466116572884774,3.51505280629224,0
22.450000000000003,0.10392750323468462,dt,0,1,-2.0322552080946763,2.7851633700920617,-2.039362564220405,2.81,-2.516175507285105,3.3509175115914647,-3.6077023205957035,2.73380710643861,0.04435880976648387,0.047080326674437886,-0.024635418920039953,0.12,3.5545200276245423,3.522946250558701,0
22.5,0.10409614611102774,dt,0,1,-2.030031838730196,2.784966107580633,-2.0372303573884953,2.81,-2.5134416601661935,3.3579014989862426,-3.6151696208888286,2.7331075163212617,0.04464206011968725,0.044283032063446054,-0.024836629907938335,0.12,3.562433359366739,3.5308436723203087,0
22.55,0.10426695208579169,dt,0,1,-2.0277989892219894,2.7847729857819714,-2.035070801798482,2.81,-2.510751389759833,3.3649023878684243,-3.6226370755589175,2.7324095759583567,0.044823712275610626,0.04175355983828183,-0.025033892419366932,0.12,3.5703511556353424,3.538745168983316,0
22.6,0.10443949717367397,dt,0,1,-2.025730430764662,2.7845984237211088,-2.0328892580346847,2.81,-2.508104138897735,3.3719196567725724,-3.6301046867048865,2.7317133118040324,0.0415182177096918,-0.027023135225755095,-0.025227014218028643,0.12,3.5785425511850457,3.546704645423662,0
22.650000000000002,0.10460936135354285,dt,0,1,-2.0239651697753454,2.7844470540023574,-2.0307416098643802,2.8100000000000005,-2.5054993859985832,3.378952811280641,-3.6375724563328147,2.7310187495071894,0.03543478038401356,-0.07397592603413183,-0.025401576278891724,0.12,3.5868330440459077,3.5547303251481113,0
22.700000000000003,0.10477015227552824,dt,0,1,-2.022510080323409,2.784316857846619,-2.0287086778496954,2.81,-2.502937788771172,3.3860017984167134,-3.6450403867092587,2.7303259177147714,0.02921805162638562,-0.10504490755355092,-0.025552945997642684,0.12,3.5951043915324976,3.562805138424989,0
22.75,0.10491723218725744,dt,0,1,-2.0213165249912826,2.7842037407573743,-2.0268490986049272,2.81,-2.50042081683254,3.3930668428086572,-3.652508480853463,2.729634853424488,0.02397807170500621,-0.12457334039148593,-0.025683142153380967,0.12,3.6033100826420945,3.5709061272684104,0
22.8,0.10504850872749892,dt,0,1,-2.020318199950316,2.784102848399338,-2.0251893265348464,2.81,-2.4979504818823126,3.400148328898009,-3.659976742867184,2.7289456056501638,0.02006820525439356,-0.13574548857907726,-0.02579625924262574,0.12,3.6114381407299456,3.5790125299607176,0
22.85,0.10516409049625436,dt,0,1,-2.0194489316382085,2.784009034320608,-2.0237279885742483,2.81,-2.495529140300691,3.4072467163870876,-3.6674451780474273,2.728258236783758,0.017486320136631355,-0.14090606231822175,-0.02589715160066186,0.12,3.6194923091250066,3.5871084857935758,0
22.900000000000002,0.10526562367662379,dt,0,1,-2.018650271744385,2.783917143752685,-2.0224442714938498,2.81,-2.4931593494465702,3.4143624799657717,-3.674913792819559,2.727572822029395,0.016078575838368022,-0.1417900180683629,-0.025990965679392186,0.12,3.627482664933499,3.5951833216215605,0
22.950000000000003,0.10535564745205452,dt,0,1,-2.0178740000334083,2.783822248200496,-2.021306071570023,2.81,-2.490843763938615,3.4214960669846106,-3.6823825945516453,2.726889447544371,0.015641009367530732,-0.1396867772173965,-0.02608285624731499,0.12,3.6354210274184875,3.603230862780946,0
23.0,0.10543708341870534,dt,0,1,-2.0170821697150516,2.7837198327368124,-2.0202764501106327,2.81,-2.488585061831168,3.428647868491211,-3.689851591306553,2.7262082078837704,0.015968521287462317,-0.13555750345029435,-0.0261777517995041,0.12,3.6433187959480966,3.611248449414376,0
23.05,0.10551287709281779,dt,0,1,-2.016246051452489,2.783605922009603,-2.0193181659941466,2.81,-2.486385893187572,3.4358182002322835,-3.697320791575158,2.7255292032096516,0.016876840969375168,-0.13011922086897573,-0.026280167263187604,0.12,3.6511860190848067,3.6192359633484625,1
23.1,0.1055857720235662,dt,0,1,-2.015344671850716,2.7834771416653807,-2.018396531634465,2.8100000000000005,-2.484248845418429,3.4430072910532705,-3.7047902040200027,2.724852536579176,0.01821065142767004,-0.12390565881492775,-0.026394077990397502,0.12,3.659031086445716,3.6271949879679135,0
23.150000000000002,0.10565818635070305,dt,0,1,-2.0143632978433272,2.7833307229315896,-2.017480973702832,2.81,-2.4821764211176474,3.4502152767301104,-3.7122598372469082,2.7241783115013924,0.019844731169594183,-0.1173117720393353,-0.026522858334619315,0.12,3.666860730615101,3.635128136497351,0
23.200000000000003,0.10573216235728092,dt,0,1,-2.0132920356361628,2.7831644639303974,-2.0165456709492084,2.81,-2.4801710251467637,3.4574421977204053,-3.7197296996131066,2.723506629858013,0.0216817413689582,-0.1106267559341325,-0.02666927706841049,0.12,3.6746801750211455,3.6430385442021103,0
23.25,0.1058093644007305,dt,0,1,-2.012124614457233,2.78297666244871,-2.0155695803603257,2.81,-2.4782349584879695,3.464687999669997,-3.727199799074281,2.722837590217813,0.02364860761683257,-0.1040588749670235,-0.02683553606960265,0.12,3.6824933399873307,3.650929503359155,0
23.3,0.10589110632371655,dt,0,1,-2.0108573724373318,2.7827660331772606,-2.0145360905953043,2.81,-2.476370416975333,3.471952535783725,-3.7346701430689286,2.7221712865320726,0.02569254387556999,-0.09775438417177287,-0.027023337551290272,0.12,3.69030305982731,3.658804214652786,0
23.35,0.10597839470469493,dt,0,1,-2.0094884344406347,2.782531619464173,-2.0134324751547696,2.81,-2.4745786128393825,3.4792353537780447,-3.742140738436189,2.7215078071739427,0.027777264283473317,-0.0918121159283582,-0.027233966822739486,0.12,3.698111286470833,3.666665629016396,0
23.400000000000002,0.1060719786416836,dt,0,1,-2.0075768699613734,2.782195247953411,-2.012249262948413,2.81,-2.4728597252590387,3.4865357253772267,-3.749611591362198,2.720847234272633,0.03881867875972092,-0.016687612805468377,-0.02746838053582712,0.12,3.705367578845929,3.6744060189823027,0
23.450000000000003,0.10618284487319214,dt,0,1,-2.0054574750362204,2.781820481817913,-2.0108475450616186,2.8100000000000005,-2.471213926121627,3.493852920550194,-3.757082707349729,2.720189643289683,0.04304548526886463,0.034677714344978516,-0.02780475204658961,0.12,3.712999160757721,3.6821246473373868,0
23.5,0.10631074009794786,dt,0,1,-2.0034221465511086,2.781464219154364,-2.0092305240649058,2.81,-2.46964138000569,3.501186207583527,-3.7645540904422354,2.719535094066927,0.041325464922954344,0.06888013450711548,-0.028179518182087193,0.12,3.720952379448153,3.68989019375954,0
23.55,0.10644856089504379,dt,0,1,-2.0015566539823637,2.7811443021195,-2.0074880108232,2.81,-2.468142244164528,3.5085348531546336,-3.7720257433134856,2.7188836315802583,0.03785450796530314,0.09074349251310546,-0.028535780845635905,0.12,3.7290119153280004,3.697714538073232,0
23.6,0.10658929973737985,dt,0,1,-1.999853393197291,2.780860155673643,-2.0057086037847816,2.81,-2.466716668510476,3.5158981224050803,-3.779497667849441,2.718235292371985,0.03453598995054127,0.10378426766941228,-0.02885569788050013,0.12,3.7370779209820277,3.7055872146549915,0
23.650000000000002,0.10672823178753767,dt,0,1,-1.9982675811203596,2.780604053504437,-2.003952040608552,2.8099999999999996,-2.4653647955999123,3.5232752790140784,-3.7869698656901165,2.7175901106690477,0.0321271739461361,0.11056313716364619,-0.029139844326356634,0.12,3.745108882676827,3.7134915482593587,0
23.700000000000003,0.10686311226687217,dt,0,1,-1.99674429230571,2.7803666815736716,-2.002246702762302,2.8099999999999996,-2.4640867606190007,3.5306655852721143,-3.794442338576559,2.7169481223814707,0.030833450967104936,0.11294502612949847,-0.02939594649556243,0.12,3.753091764946385,3.7214115915967643,0
23.75,0.1069936730987924,dt,0,1,-1.9952306421105972,2.7801395595394287,-2.0005959796257153,2.81,-2.462881139695581,3.538068049604282,-3.8019150885007953,2.7163093668963065,0.03061190181353112,0.11228890021418592,-0.029633318426328437,0.12,3.7610266377756454,3.7293346008325408,0
23.8,0.10712098147299486,dt,0,1,-1.9936940015175184,2.779917802108601,-1.998986378371752,2.81,-2.461746173382768,3.545481675671786,-3.8093881177068,2.715673887167125,0.031051187870515088,0.1095852735232633,-0.02985534846694124,0.30502596379375574,3.7689322698542087,3.7372541346368746,0
23.85,0.10724655864143937,dt,0,1,-1.9921224487269176,2.7796997898177094,-1.9973986653162388,2.81,-2.4606006114733234,3.552893671888166,-3.8168671279558373,2.7151131682582266,0.03173205024970718,0.10555461701141533,-0.030069195337398158,0.30488985142879627,3.7768281762055156,3.745168942950603,1
23.900000000000002,0.10737175236017028,dt,0,1,-1.9905038611563937,2.7794839532427624,-1.9958158003403876,2.81,-2.459441805083233,3.56030360898306,-3.8243513713531145,2.7146272662410347,0.032658298489293,0.10071801827666182,-0.030279177749643213,0.30476459528535776,3.7847133714288685,3.7530778286462563,0
23.950000000000003,0.10749779370225322,dt,0,1,-1.9888291109299712,2.7792692056081285,-1.994222218586329,2.81,-2.4582671729348324,3.5677110538404957,-3.831840099480529,2.7142162297053463,0.03376924557927097,0.09544959637236572,-0.0304865566529997,0.3046499133874118,3.792590260648706,3.760980315046746,0
24.0,0.1076257610044724,dt,0,1,-1.9870928747166319,2.7790549911372104,-1.9926042862907622,2.8099999999999996,-2.457074210541915,3.5751155687286627,-3.8393325634715083,2.7138800997544728,0.034988020967532396,0.09001512635003754,-0.03069215128667434,0.3045452318786067,3.8004621992099117,3.7688766918793792,0
24.05,0.10775653541422356,dt,0,1,-1.985293386671389,2.7788411905765287,-1.990950862820072,2.81,-2.4558604933474912,3.582516709895534,-3.8468280140858977,2.7136189100011285,0.03624289119106971,0.0846004745949702,-0.030896304062790182,0.30444984591065877,3.8083324027507395,3.7767678340536515,0
24.1,0.10789077563453695,dt,0,1,-1.9834317935387897,2.778627992972519,-1.989253619977232,2.81,-2.4546236759906312,3.589914025815905,-3.8543257017848815,2.7134326865640714,0.03747523027118904,0.07933257593997506,-0.031098982763345384,0.30436301997633186,3.816203527382126,3.7846549727193466,0
24.150000000000002,0.10802891554765487,dt,0,1,-1.981511425146999,2.7784157780075924,-1.9875070720476873,2.81,-2.45336148929741,3.5973070552863895,-3.8618248768059376,2.71332144806549,0.03864116950366672,0.07429496678878136,-0.031299909424600786,0.3042840451488123,3.8240775688819344,3.7925394919518642,0
24.200000000000003,0.10817117986120416,dt,0,1,-1.9795371183107053,2.7782050230477044,-1.9857083779796993,2.81,-2.4520717361040343,3.604695325496674,-3.8693247892378135,2.7132852056291417,0.039710477896661975,0.0695393377190101,-0.031498673388892326,0.30421226787294,3.8319559031921284,3.8004227741999173,0
24.25,0.10831761110290411,dt,0,1,-1.9775146457050574,2.777996236040692,-1.9838570000814566,2.8099999999999996,-2.450752286644739,3.612078350156281,-3.876824689095516,2.71332396287924,0.040664419114963796,0.06509416190921664,-0.03169481640472144,0.3041471011179001,3.839839380606617,3.8083060954812575,0
24.3,0.1084681020685036,dt,0,1,-1.9754502602677244,2.777789910543993,-1.981954293771235,2.81,-2.449401073962571,3.6194556277223993,-3.884323826395309,2.7134377159400915,0.04149340884747954,0.06097116136230451,-0.031887890221613216,0.3040880252997184,3.8477284321113845,3.816190562807283,0
24.35,0.10862242934573478,dt,0,1,-1.9733503475190333,2.7775864979651805,-1.980003083723128,2.81,-2.448016089608735,3.6268266397519398,-3.8918214512297116,2.7136264534364853,0.04219483489402225,0.05717016253069604,-0.032077491540413894,0.3040345837871076,3.8556231694487466,3.8240770841355762,0
24.400000000000002,0.1087802850308056,dt,0,1,-1.971221171229174,2.7773863924031152,-1.9780072628650975,2.8100000000000005,-2.4465953797662436,3.634190849386615,-3.8993168138424887,2.7138901564948292,0.04277117678655931,0.05368274330191786,-0.032263280044010696,0.30398637597418504,3.8635234717936555,3.831966361667192,0
24.450000000000003,0.10894130496473625,dt,0,1,-1.969068696223386,2.7771899242803713,-1.9759714353777738,2.81,-2.445137041849397,3.641547699970954,-3.9068091647036254,2.714228798745037,0.04322845532191309,0.05049496678213135,-0.03244498468287417,0.3039430496762467,3.8714290572914343,3.8398589007920405,0
24.5,0.10910509270326153,dt,0,1,-1.9668984728784382,2.7769973598255273,-1.9739006136351693,2.81,-2.4436392215787723,3.64889661379797,-3.9142977545842785,2.7146423463231657,0.04357499483064294,0.047589421141155316,-0.0326224023878242,0.3039042938126811,3.8793395401166353,3.8477550286569597,0
24.55,0.10927123903642243,dt,0,1,-1.9647155696021186,2.776808904231106,-1.9717999714121222,2.81,-2.442100110501772,3.6562369909744272,-3.9217818346317013,2.7151307578748023,0.0438204620004661,0.044946729892196856,-0.032795392344789676,0.30386983184772653,3.887254474688881,3.8556549178633444,0
24.6,0.10943933725440237,dt,0,1,-1.9626599221506866,2.7766360882246954,-1.9696746508733554,2.81,-2.44051794391398,3.6635682083964163,-3.929260656444125,2.7156939845591985,0.04125797773352801,-0.024028794649114837,-0.0329638680566453,0.3038394161645344,3.8954101664680985,3.8636059675842955,0
24.650000000000002,0.10960578227394754,dt,0,1,-1.9608881845903023,2.7764849963108675,-1.9675702322610356,2.81,-2.438890999131249,3.6708896188256945,-3.936733472145601,2.7163319700541555,0.03556336738443568,-0.07118899149448649,-0.033120857085732626,0.3038305208715448,3.9036821134406696,3.8716211967555707,1
24.700000000000003,0.10976433345944483,dt,0,1,-1.959417101492828,2.7763542679426263,-1.965565617964509,2.81,-2.437218816943274,3.678200829856038,-3.9441995344607865,2.7170446505616552,0.029537605765785756,-0.10252872161287714,-0.03326540505168194,0.3038354238324578,3.9119445747801938,3.8796858723604952,0
24.75,0.10991022505186987,dt,0,1,-1.9582038610520895,2.776240181233607,-1.9637210630278747,2.81,-2.435501840264039,3.6855016511168937,-3.9516580967896715,2.717831954814241,0.024371853800794024,-0.1224076645402822,-0.03339866446505678,0.3038507531922193,3.920147155364481,3.8877781289612927,0
24.8,0.11004113685561492,dt,0,1,-1.9571858223650407,2.7761381606830784,-1.9620659024401548,2.8099999999999996,-2.433741152582875,3.6927920543217514,-3.9591084132822387,2.718693804082143,0.020462756031956422,-0.13400452111530775,-0.033521781212499,0.30387491452798404,3.9282757931862595,3.8958776618062863,0
24.85,0.11015693107296483,main,0,0,-1.956168490084963,2.776029321384247,-1.9606018784227581,2.81,-2.4319382812575663,3.700072140515223,-3.95166708765143,2.7177574959831325,0.020462756031956422,-0.13400452111530775,-0.03363614178687719,0.3039069005833746,0.0035028657211843357,3.1174027025892657,0
24.900000000000002,0.11026212621826018,main,0,0,-1.9504221262482289,2.7753755754813425,-1.9592718619266796,2.81,-2.430095046057149,3.7073421119041585,-3.9442284124094638,2.7168003592925003,0.11566863196163327,-0.11338846981487813,-0.03375253223202773,0.30394318989544433,0.006440781919071614,2.4952103184552272,0
24.950000000000003,0.1105267841075823,main,0,0,-1.9429751221907583,2.774485558308464,-1.955925706002587,2.81,-2.428213322668541,3.7146022163861043,-3.936792320497323,2.715823355160374,0.15,-0.10440590994555056,-0.034242043808794996,0.30395262108057014,0.007941213463301735,1.9977564974568423,0
25.0,0.11088976004985382,main,0,0,-1.935532865735555,2.773556677877523,-1.9513364829016024,2.81,-2.426293725201155,3.721852398836443,-3.92935888165143,2.7148263662314616,0.15,-0.10479013504843665,-0.034898573543995746,0.3039457189314169,0.007944375856677984,1.5997940731368094,0
25.05,0.11132150756806161,main,0,0,-1.9280955782871563,2.7725888166220276,-1.945886888473786,2.809725792564919,-2.424336166876419,3.729092424071569,-3.9219282506295077,2.71380866164955,0.15,0.11626154464995472,-0.03542344127873054,0.12,0.008043504629683805,1.2814439594353844,0
25.1,0.11180133907202196,main,0,0,-1.9206527902777757,2.7716642050022533,-1.9398336591407432,2.8093222439427166,-2.422420728215191,3.736343706353695,-3.9144886967866896,2.712858378207723,0.15,0.11385740719421295,-0.035934725756352905,0.12,0.008021981876887995,1.026759563923685,0
25.150000000000002,0.11231489133044405,main,0,0,-1.9132048592082298,2.7707819789635906,-1.9333550316036323,2.808890335440242,-2.4205466009793857,3.7436057754186387,-3.9070413391135688,2.7119713248335655,0.15,0.11174818009132098,-0.03640960554124969,0.12,0.008003423320434687,0.823008335803035,0
25.200000000000003,0.11285210298124462,main,0,0,-1.9057521150653165,2.7699413811166558,-1.9265779331933806,2.808438528879559,-2.418713078936784,3.750878202587012,-3.89958714572299,2.7111436770244977,0.15,0.10984511278863456,-0.03684626368440885,0.12,0.007986940465673775,0.6600040567355627,0
25.25,0.11340592445383457,main,0,0,-1.8982948665726027,2.769141728118214,-1.9195912965188793,2.807972753101259,-2.4169195263764123,3.758160590190895,-3.8921269571033505,2.710371934995448,0.15,0.10808712025626127,-0.03724360286577132,0.12,0.007971936149914014,0.5295976326184331,0
25.3,0.11397141481821438,main,0,0,-1.890833405393337,2.768382388227051,-1.912457453007221,2.807497163533815,-2.415165356431832,3.7654525643958365,-3.8846615051316493,2.70965288919842,0.15,0.10643216765524799,-0.037601082516397766,0.12,0.007958007221966493,0.4252697075391398,0
25.35,0.11454510951526027,main,0,0,-1.8833680089758484,2.7676627658748774,-1.9052201091902623,2.807014673946018,-2.4134500161737145,3.772753770309854,-3.8771914287957796,2.708983591405,0.15,0.10485134344748026,-0.03791855944591959,0.12,0.00794488059313754,0.3418047421499394,0
25.400000000000002,0.11512457772491129,main,0,0,-1.8758989424982697,2.7669822910748216,-1.897909930647848,2.8065273287098567,-2.4117729763752926,3.7800638686343984,-3.8697172873201326,2.7083613300435028,0.15,0.10332477864153627,-0.03819615950018463,0.12,0.007932370779018566,0.27503026787575524,0
25.450000000000003,0.11570811249457534,main,0,0,-1.8684264602154874,2.7663404121660657,-1.890548451138006,2.8060365634092,-2.4101337245035053,3.7873825333555646,-3.8622395712106488,2.707783608842604,0.15,0.1018388355241582,-0.0384341833134707,0.12,0.007920351492394373,0.22160828459908308,0
25.5,0.11629451380857547,main,0,0,-1.8609508064093674,2.765736590858853,-1.8831508092459184,2.8055433872830613,-2.4085317599364284,3.794709450137256,-3.8547587116099695,2.707248128091387,0.15,0.10038417019898613,-0.03863304084468371,0.12,0.007908736530988227,0.17886837498546412,0
25.55,0.11688293672208605,main,0,0,-1.8534722160757637,2.765170298865151,-1.875727664223346,2.805048510948223,-2.4069665907166713,3.8020443151880614,-3.847275088263626,2.706752768010169,0.15,0.09895439698523059,-0.03879320766736605,0.12,0.00789746686771745,0.14467419336191478,0
25.6,0.11747278504394089,main,0,0,-1.8459909154369576,2.7646410156217005,-1.8682865372143267,2.8045524358142884,-2.40543773136383,3.8093868344477726,-3.839789036333047,2.706295573858113,0.15,0.09754516755286584,-0.03891519670875102,0.12,0.00788650190645839,0.11731665507082352,0
25.650000000000002,0.11806363690606068,main,0,0,-1.838507122338354,2.7641482267649944,-1.8608327502208781,2.804055516681392,-2.4039447014165325,3.816736722989545,-3.8323008522430277,2.705874742497611,0.15,0.09615353593511165,-0.03899954051504126,0.12,0.00787581354816858,0.09542848676629254,0
25.700000000000003,0.11865519265506722,main,0,0,-1.831021046568443,2.763691423123206,-1.853370083467108,2.803558005564474,-2.402487024476444,3.824093704567497,-3.824810798715132,2.7054886102025884,0.15,0.09477752063441926,-0.039046780465771445,0.12,0.007865382159247357,0.0779158658448835,0
25.75,0.11924723837042919,main,0,0,-1.8235328901278474,2.763270100062874,-1.8459012356295812,2.803060082375305,-2.4010642275969873,3.831457511262394,-3.8173191091108096,2.7051356415460623,0.15,0.09341580262882701,-0.03905746045220194,0.12,0.007855193830389726,0.06390373144198475,0
25.8,0.11983962032182575,main,0,0,-1.816042847464527,2.7628837570784173,-1.8384281460659266,2.802561876404395,-2.3996758409081496,3.838827883193461,-3.8098259911864623,2.70481441923702,0.15,0.09206751709283242,-0.03903212334793969,0.12,0.007845238512293505,0.0526920328560465,0
25.85,0.12043222708438024,main,0,0,-1.8085511056863877,2.7625318975472344,-1.830952220436936,2.8020634813624623,-2.398321397402342,3.846204568274822,-3.80233163034565,2.704523634801916,0.15,0.09073210974646145,-0.03897130917573175,0.12,0.007835508747803458,0.043720728034397895,0
25.900000000000002,0.12102497701467674,main,0,0,-1.8010578447586914,2.762214028597099,-1.8234744887006586,2.8015649659133772,-2.3970004328294974,3.8535873220020767,-3.794836192459945,2.7042620800246038,0.15,0.0894092377766953,-0.03887555426837972,0.12,0.007825998810048541,0.03654178218952803,0
25.950000000000003,0.12158321454037818,main,0,0,-1.7935632376910966,2.7619296610490918,-1.816432142090461,2.801095476139364,-2.395712485665629,3.8609759072592884,-3.7873398263188207,2.704028639072308,0.15,0.0879232462368845,-0.03876835807291498,0.12,0.00781546932487236,0.030796519616596896,0
26.0,0.12212671187934626,main,0,0,-1.7860674529228138,2.7616782436519656,-1.8095757476946814,2.8006383831796455,-2.3944570322627525,3.8683700831263614,-3.779842667533271,2.7038222168248423,0.15,0.08639007986597463,-0.03864036751691001,0.12,0.007804776017736176,0.026198170896824753,0
26.05,0.12268501950257851,main,0,0,-1.7785706520879545,2.761459206571877,-1.802532516781502,2.8001688344521,-2.393233529644919,3.8757696129319745,-3.7723448384886353,2.703641773987844,0.15,0.0849613834355327,-0.038472074424264875,0.12,0.007794967794805211,0.022517530276420845,0
26.1,0.1232537184339563,main,0,0,-1.7710729884151024,2.761272018300895,-1.795347892477502,2.8,-2.3920414716866993,3.883174273479511,-3.764846448524094,2.703486377914332,0.15,0.018171619948600233,-0.03843222298685285,0.15060024107273967,0.007513746060203385,0.019516773433177356,0
26.150000000000002,0.12382971175439887,main,0,0,-1.763575157761301,2.7610916423409777,-1.7880654212601381,2.8,-2.3908561419534538,3.890580014051762,-3.757348068296456,2.7033305127104943,0.15,0.007499018942738765,-0.03844255957199429,0.1505909994313502,0.007502342770974244,0.017113887300736735,0
26.200000000000003,0.12441081510929974,main,0,0,-1.7560772600024175,2.7609140777123793,-1.7807183422121944,2.8,-2.3896735890929066,3.897986198543929,-3.7498497762071965,2.703170463517585,0.15,-0.002762998172804537,-0.03843774315997007,0.1505894379436218,0.00750031808320917,0.015191173457231224,0
26.25,0.12499549708058637,main,0,0,-1.7485793868456212,2.7607354772515884,-1.7733260175513201,2.8,-2.3884900130799362,3.9053922195958513,-3.7423516510637866,2.7030027753135824,0.15,-0.012598246370904863,-0.03842337067925172,0.15059465974686737,0.007506610245794353,0.01365426081494385,0
26.3,0.12558268349958632,main,0,0,-1.7410816276789867,2.7605521538238786,-1.7659020283420213,2.8,-2.3873017721581977,3.9127974936293968,-3.734853776253311,2.702824244289849,0.15,-0.021999563727543053,-0.03840429808296774,0.15060579648421,0.007520138828680347,0.01242743641769115,0
26.35,0.12617162032723458,main,0,0,-1.7335840747000468,2.7603605831372082,-1.7584559081458724,2.8,-2.386105386317058,3.9202014561440994,-3.7273562429087987,2.702631906701419,0.15,-0.030966159150162965,-0.038384836226962954,0.15062203091328213,0.007539848432350724,0.011449918820623066,0
26.400000000000002,0.12676177754852866,main,0,0,-1.726086827318188,2.760157404163859,-1.7509943581152378,2.8,-2.384897538300442,3.9276035574112234,-3.7198591522071123,2.702423026327312,0.15,-0.03950169908655329,-0.03836888216704295,0.15064260845335284,0.007564736620940875,0.010672882380686628,0
26.450000000000003,0.12735278179418744,main,0,0,-1.7185899958550301,2.7599394178959304,-1.7435220988795876,2.8,-2.3836750728703713,3.9350032586398056,-3.7123626169359722,2.7021950813151783,0.15,-0.04761292855571551,-0.03836000627284359,0.1506668417448963,0.007593870512033406,0.010057080006955984,0
26.5,0.12804913568189147,main,0,0,-1.7110937045836636,2.759703584957534,-1.7347178697951122,2.8,-2.3824349948487895,3.942400028644368,-3.704866762457735,2.701945750929765,0.15,-0.05707162930741299,-0.03844258878339268,0.15070095914233347,0.007634509270075926,0.009572565859579973,0
26.55,0.12871398495407133,main,0,0,-1.703598116800742,2.759446361730522,-1.7263119638293714,2.8,-2.381173814618994,3.949793229874415,-3.697371752694068,2.7016722026844215,0.15,-0.06548809030722044,-0.03853855244208167,0.15073672057107457,0.0076766158711084114,0.009193375861885662,0
26.6,0.12935682045438066,main,0,0,-1.6989874748399192,2.759273023450629,-1.7181954899359269,2.7997994988817694,-2.380383065044619,3.9543388630053227,-3.689877761197916,2.7013720502971204,0.09227798318163778,-0.2,-0.03842567139078388,0.32,0.006803533306317718,0.008715407350772073,0
26.650000000000002,0.129915991387333,main,0,0,-1.694279508418572,2.7590488607214425,-1.7111689502966414,2.7990187722551823,-2.3795288852660774,3.9589741163597383,-3.682387145872064,2.7009969742513444,0.09426599971079583,-0.2,-0.03785999732972457,0.32,0.00687133151242813,0.008346592183103284,0
26.700000000000003,0.130419025483077,main,0,0,-1.689513902531288,2.7587741651319138,-1.7048478259223914,2.7983164251024872,-2.3786168919584165,3.9636597033396805,-3.674900655771803,2.7005470120543857,0.09547032447797182,-0.2,-0.03739259770482737,0.32,0.0069127749232724125,0.00805982873113711,0
26.75,0.13088425550506985,main,0,0,-1.6847171306743869,2.758449516640907,-1.699001747383118,2.797666860820346,-2.377651213907411,3.9683694679613657,-3.667419039539904,2.700022208702089,0.09615491020196962,-0.2,-0.03699626439048285,0.32,0.006936455643184789,0.007835154113546646,0
26.8,0.1313238885486878,main,0,0,-1.6799068920172804,2.758075599640693,-1.693477320368625,2.7970530355965137,-2.376634905430104,3.9730859631580477,-3.6599430453317554,2.699422616674352,0.09649499440151442,-0.2,-0.03665748421838563,0.32,0.006948252288264284,0.007657773748490174,0
26.85,0.13174605039126563,main,0,0,-1.6750950629117467,2.7576531106875164,-1.6881724363944084,2.796463604043823,-2.3755702511819,3.977797513602243,-3.652473420740548,2.6987482959298776,0.09660682430639524,-0.2,-0.03636956554757896,0.32,0.006952136093059185,0.007516646217403977,0
26.900000000000002,0.13215614717402382,main,0,0,-1.6702896614150657,2.7571827174462427,-1.6830191619121684,2.7958910179902405,-2.3744589892108503,3.9824962634548573,-3.645010912722516,2.697999313900179,0.09656739272806335,-0.2,-0.036129225370783745,0.32,0.0069507663854958155,0.007403470251022345,0
26.950000000000003,0.13255777235802416,main,0,0,-1.665496155290401,2.7566650452070407,-1.67797234150501,2.795330260167223,-2.3733024731959484,3.9871768783954087,-3.637556267522243,2.6971757454828342,0.09642755936854881,-0.2,-0.03593487139700042,0.32,0.006945911424315531,0.007311958485680983,0
27.0,0.1329533107823478,main,0,0,-1.660718332942091,2.756100677406647,-1.6730020072948677,2.794778000810541,-2.37210178988707,3.9918356826409114,-3.630110230598037,2.6962776730339995,0.09622078238329518,-0.2,-0.0357857286103883,0.32,0.006938738891623736,0.007237314566869534,0
27.05,0.1333443409643546,main,0,0,-1.6559588832386367,2.7554901625646457,-1.6680883236391009,2.7942320359599,-2.37085784381992,3.9964700853029638,-3.6226735465473845,2.6953051863601707,0.0959689321645586,-0.2,-0.03568139354361029,0.32,0.006930013697822927,0.0071758543930602135,0
27.1,0.1337319030178354,main,0,0,-1.6512197813817524,2.7548340235436077,-1.6632182204721007,2.793690913385789,-2.369571418295413,4.001078199254978,-3.6152469590324943,2.694258382709205,0.0956861637330126,-0.2,-0.035621608166009934,0.32,0.00692023155861507,0.007124729826171185,0
27.150000000000002,0.13411667707157882,main,0,0,-1.646502545533745,2.754132767051064,-1.6583831512983123,2.7931536834775903,-2.368243219247952,4.005658588103579,-3.6078312107059287,2.693137366760595,0.09538149655789846,-0.2,-0.03560614750795555,0.32,0.006909708728597778,0.007081725606656504,0
27.200000000000003,0.13449910208547533,main,0,0,-1.6418084073168,2.7533868924254072,-1.6535776001495597,2.792619733349951,-2.366873906841391,4.010210098412281,-3.6004270431363405,2.6919422506150017,0.09506053346574722,-0.2,-0.03563476624242785,0.32,0.006898642080654758,0.007045108901456156,0
27.25,0.13487945497791695,main,0,0,-1.6371384249105767,2.75259689935356,-1.648798087270471,2.7920886763633854,-2.365464118300232,4.014731748663817,-3.593035196734317,2.6906731537830435,0.09472660603653406,-0.2,-0.03570717552366616,0.32,0.006887149245369996,0.007013516970238925,0
27.3,0.1354210237099992,main,0,0,-1.6323942285716608,2.7517454680449025,-1.6419927368147855,2.791332526312754,-2.3639834844465195,4.019318692915363,-3.5856564106783377,2.689330203173346,0.09639986343464525,-0.2,-0.03607565752209299,0.32,0.0069449502644399206,0.0069998036290791245,0
27.35,0.13591374951057564,main,0,0,-1.6276106532770247,2.750837502565704,-1.6358011464351334,2.790644571826126,-2.3624415415611826,4.023937069908336,-3.5782914228408598,2.6879135330798514,0.09737965683009975,-0.2,-0.036444711838007834,0.32,0.0069790396123584515,0.00699565082573499,0
27.400000000000002,0.13637356569370898,main,0,0,-1.6228110235697202,2.7498766681072855,-1.6300230981726596,2.7900025664636288,-2.360845052985028,4.028564258299782,-3.5709409697145293,2.686423285168388,0.0978971872603586,-0.2,-0.03682074268706413,0.32,0.006997117133771827,0.006995944087342358,0
27.450000000000003,0.13681107048687874,main,0,0,-1.6154720258761992,2.748330992573904,-1.62472402910377,2.788417208731131,-2.3583281065163675,4.035629311765531,-3.5636057863385338,2.6848596084625056,0.15,-0.04019237407095773,-0.03647738281113719,0.12631691810528006,0.007567010098672564,0.0071101572896083995,0
27.5,0.13729465767664203,main,0,0,-1.6081361492185622,2.7467705715845763,-1.6188677351389282,2.7866603205416784,-2.3557969670761048,4.042689292865643,-3.5562656135427706,2.683319522968664,0.15,-0.029263151995138514,-0.03599546169663947,0.12627290408867667,0.007535596030867782,0.007195245037860277,0
27.55,0.13781053214854258,main,0,0,-1.6008025635543714,2.7451994187256936,-1.6126204386423313,2.7847861315926994,-2.353255500483896,4.04974556295406,-3.5489201724244013,2.6818047639856664,0.15,-0.01822513490728736,-0.03554982293318607,0.126236035286469,0.00751382706841141,0.007258961443970504,0
27.6,0.13834902882171274,main,0,0,-1.5934704126584869,2.7436215837406657,-1.606099184804492,2.7828297554413477,-2.350707604874065,4.056799514184498,-3.541569185093502,2.6803171533978603,0.15,-0.007268207409851617,-0.03512705883327391,0.1262069751381548,0.007502200795389604,0.0073076093142543245,0
27.650000000000002,0.1389033739873327,main,0,0,-1.5861388356483541,2.7420410842802125,-1.599386003982956,2.7808158011948865,-2.3481571459535067,4.063852539017472,-3.5342123915354158,2.678858527831204,0.15,0.0034767996296718034,-0.034716685762896625,0.1261857738391099,0.007500503655408112,0.007346188182485082,0
27.700000000000003,0.13946881822167984,main,0,0,-1.5788069839950072,2.740461859364846,-1.5925384122204806,2.778761523666144,-2.3456079131691863,4.070906007115603,-3.526849560399411,2.677430691123915,0.15,0.01392113320181531,-0.034310487621733415,0.1261721069591899,0.007508070572291802,0.0073785646604464265,0
27.75,0.1400420293559507,main,0,0,-1.571474034887851,2.7388877382158054,-1.5855967624471405,2.7766790287341423,-2.3430635906154613,4.077961247915364,-3.5194804955300927,2.6760353836482045,0.15,0.02400602013134579,-0.03390191196900198,0.1261654370458719,0.007523973725804089,0.00740764647351796,0
27.8,0.14062066746390814,main,0,0,-1.5641392016443207,2.737322419944781,-1.5785893914265858,2.7745768174279757,-2.3405277383051675,4.085019537584992,-3.5121050395224076,2.674674263271932,0.15,0.03369401858850718,-0.03348559595980759,0.12616511999283417,0.00754715537837949,0.007435548254490266,0
27.85,0.1412030872551302,main,0,0,-1.5568017417178144,2.73576946088965,-1.5715362238064763,2.772460867141943,-2.338003780695064,4.092082089388866,-3.504723075208266,2.673348894317739,0.15,0.04296282709761841,-0.03305702280790911,0.1261704730975075,0.007576518185825042,0.007463742240757221,0
27.900000000000002,0.14178812965463342,main,0,0,-1.5494609627476943,2.734232267306577,-1.5644512961121255,2.7703353888336375,-2.335495000256307,4.099150046711184,-3.4973345257200776,2.672060741974034,0.15,0.051800851653788976,-0.032612284901254895,0.126180817192429,0.007610984177163582,0.007493190628038493,0
27.950000000000003,0.1423749758209357,main,0,0,-1.542116227007323,2.7327140917883597,-1.557344524603788,2.7682033573811364,-2.3330045345223667,4.106224478167356,-3.4899393535899863,2.670811170380918,0.15,0.060204033190851214,-0.032147926127770864,0.1261955015828315,0.00764953126065774,0.0075244587545623435,0
28.0,0.14296304488202918,main,0,0,-1.5347669545358424,2.731218032250795,-1.5502229437052581,2.766066883111577,-2.330535375505013,4.113306374364492,-3.4825375592105634,2.669601443153504,0.15,0.0681735792192468,-0.03166083979690339,0.12621391779215463,0.007691214017612995,0.007557809807172475,0
28.05,0.14346402160419572,main,0,0,-1.5274126251834634,2.7297470326665887,-1.5441560605936808,2.764246818178104,-2.328090370696162,4.120396645973161,-3.475129178887696,2.668432725483682,0.15,0.0740983488878589,-0.031284011836111264,0.1262306713672008,0.007725386936422042,0.007591325233022389,0
28.1,0.14396466142856915,main,0,0,-1.5200528963857565,2.72830329029892,-1.5380932573513681,2.7624279772054106,-2.3256716514787374,4.127495927440131,-3.4677143740607446,2.6673054857672898,0.15,0.0796853958708188,-0.030903551423212286,0.1262489103013411,0.007760064525951409,0.007625073091608193,0
28.150000000000002,0.14449264100198692,main,0,0,-1.5126874737597467,2.726888882458068,-1.5316993667462846,2.760509810023885,-2.3232812368370217,4.134604789363158,-3.460293320814392,2.6662201430956878,0.15,0.08545004433998662,-0.030469162715203127,0.12627023288758218,0.007798305508157934,0.0076597195749181415,0
28.200000000000003,0.14503980612514372,main,0,0,-1.5061473468108508,2.725661908599926,-1.5248959250703265,2.7593619906337903,-2.3211873556819387,4.140920989729251,-3.4528661818397466,2.6651772592808256,0.13308452255049988,0.2,-0.030767352195121844,0.32,0.008323384248984225,0.007792452509731359,0
28.25,0.14558041815604358,main,0,0,-1.4995721726608024,2.7244963004093474,-1.5181135727721715,2.758514196596521,-2.3191495795780335,4.147280158394081,-3.44542898555462,2.6642086977616155,0.1335538206977389,0.2,-0.03125011240274342,0.32,0.008342155450326216,0.007902393097850331,0
28.3,0.14611708759377895,main,0,0,-1.4929658114154,2.723393184971982,-1.5113806830354868,2.7576725853794355,-2.317169543628631,4.15367862150736,-3.437982475672442,2.6633145553934026,0.13395651917380966,0.2,-0.03166546482229703,0.32,0.008358281675853441,0.007993570813450953,0
28.35,0.14665154758555415,main,0,0,-1.4863309916032503,2.722353404257032,-1.5046755123284,2.75683443904105,-2.3152484484869693,4.160113788275328,-3.430527396837997,2.6624949215896785,0.13431601226194292,0.2,-0.032013668272761565,0.32,0.00837269239103383,0.008069395128967528,0
28.400000000000002,0.1471849446140246,main,0,0,-1.4796697157690555,2.721377621701648,-1.497983677232067,2.755997959654008,-2.31338722042679,4.166583763348125,-3.4230644945529547,2.661749878313141,0.13464731313267328,0.2,-0.032294728119248724,0.32,0.008385985173765747,0.008132713137927173,0
28.450000000000003,0.14771803211517295,main,0,0,-1.472983532228267,2.7204663894549452,-1.4912957253703356,2.7551619656712916,-2.311586614460789,4.173087086552745,-3.415594515101325,2.661079500067496,0.1349598378015341,0.2,-0.032508507725351944,0.32,0.008398535262088338,0.008185877562759406,0
28.5,0.14825129941453485,main,0,0,-1.4662737172008113,2.7196201902461024,-1.4846055178155058,2.7543256897269384,-2.3098472802812253,4.179622558028891,-3.4081182054748287,2.66048385389001,0.13525926334815766,0.2,-0.03265479429132385,0.32,0.00841056899405232,0.00823081584901799,0
28.55,0.14878505757105046,main,0,0,-1.459541396939645,2.7188394629035906,-1.4779091521177676,2.753488644014721,-2.3081698039439416,4.186189120631966,-3.400636313298197,2.6599629993448044,0.13554876802428936,0.2,-0.03273333829020741,0.32,0.008422212968232074,0.008269095272860807,0
28.6,0.14931949651717463,main,0,0,-1.4527876296815325,2.7181246173529225,-1.471204245442947,2.752650530680368,-2.306554733732267,4.192785780737612,-3.3931495867544137,2.6595169885168994,0.13582985877642872,0.2,-0.03274387755204123,0.32,0.008433526921641961,0.00830198160261704,0
28.650000000000002,0.1498265449432375,main,0,0,-1.4460311463594868,2.717477736116349,-1.4648429718100626,2.7518553714762577,-2.305006647951232,4.199394256555066,-3.385658774509894,2.6591458660070066,0.1357475925610669,0.2,-0.032699272935274706,0.32,0.008430214838028253,0.008327628249699282,0
28.700000000000003,0.1503267747586939,main,0,0,-1.4392770301526774,2.716899178868823,-1.4585672423690825,2.7510709052961353,-2.303526585438562,4.206009559207428,-3.3781646256396196,2.658849668927067,0.13557701018056356,0.2,-0.03259305236957635,0.32,0.008423349347127277,0.00834677246918488,0
28.75,0.15083775507038694,main,0,0,-1.4325191804369364,2.71638832017486,-1.4521566405081612,2.75026958006352,-2.3021131074094314,4.212637650127663,-3.3706679337313963,2.658626934930608,0.13554262707464046,0.2,-0.03241624716406807,0.32,0.008421965886046863,0.008361811152557278,0
28.8,0.15135624226908928,main,0,0,-1.4250352392512489,2.7158977854368747,-1.4456277267629682,2.7497085151175313,-2.300622291294568,4.219987988032254,-3.3631694831659242,2.658474491114166,0.15,0.10045980431602275,-0.03236703581141201,0.14797537972518127,0.00790933674065083,0.008271316270175988,0
28.85,0.15189714270191376,main,0,0,-1.4175489285360643,2.715444848492353,-1.4388040931765846,2.7492536062117723,-2.2991684145067555,4.227345721534213,-3.3556706866122776,2.658340139906449,0.15,0.09478939820560783,-0.03234628925757533,0.14797702405076824,0.007865471616986043,0.008190147339538,0
28.900000000000002,0.15245372915533179,main,0,0,-1.4100605552286472,2.7150273976464274,-1.4317825753762807,2.7487855050250856,-2.2977494256738096,4.234710262979,-3.348171615339689,2.6582221142793956,0.15,0.08932314582680967,-0.032286889859055604,0.1479805686416405,0.007825384350800314,0.008117194741790464,0
28.950000000000003,0.15302128864602882,main,0,0,-1.402570392209812,2.7146433951057136,-1.424622629168126,2.748308175277875,-2.2963633420839407,4.242081068381525,-3.340672327301726,2.6581187754016087,0.15,0.08405784347969492,-0.0321913387441668,0.14798574304659484,0.007788843024258162,0.008051524398284004,0
29.0,0.1535965188414965,main,0,0,-1.395078681428611,2.7142908762114177,-1.4173659145428508,2.7478243943028566,-2.295008249345293,4.2494576342268,-3.3331728693538025,2.6580286061866403,0.15,0.07898976124905038,-0.03206193005675017,0.14799229708360334,0.007755618220932813,0.007992343162813767,0
29.05,0.15417710548167943,main,0,0,-1.387585636811349,2.713967948411869,-1.410041626638198,2.7473361084425467,-2.2936823007583165,4.256839494449311,-3.325673279156113,2.657950204230557,0.15,0.07411467625932361,-0.031900793858567235,0.14800000189965343,0.0077254848244714255,0.0079389714951453,0
29.1,0.15476142650687758,main,0,0,-1.3800914469612806,2.7136727899948627,-1.402670228260956,2.746844681884064,-2.29238371642202,4.264226217587586,-3.3181735867920654,2.6578822745268638,0.15,0.0694279543233419,-0.03170992749198851,0.1480086499266812,0.007698223855276659,0.007890821967171571,0
29.150000000000002,0.15534834488536242,main,0,0,-1.37259627765572,2.713403648617553,-1.3952660634334626,2.7463510708955643,-2.2911107821124084,4.2716174041123205,-3.3106738161351634,2.6578236222134084,0.15,0.06492464643797805,-0.031491217871347316,0.14801805417252975,0.007673624050729545,0.007847382383883167,0
29.200000000000003,0.15593706353590858,main,0,0,-1.3651002741483589,2.7131588396764754,-1.3878391875927094,2.745855945839514,-2.28986184797635,4.279012683926079,-3.3031739859968994,2.657773145513989,0.15,0.06059958269738668,-0.031246457134632914,0.14802804713375917,0.007651483084306995,0.007808202523967933,0
29.25,0.1565270237216304,main,0,0,-1.3576035632856784,2.712936744558634,-1.3803966493848934,2.7453597766256594,-2.2886353270826243,4.286411714031252,-3.2956741110861154,2.6577298289744644,0.15,0.056447455571835135,-0.030977353640178798,0.14803847951505344,0.007631608416666425,0.0077728837025076315,0
29.3,0.15711783387832115,main,0,0,-1.3501062554472005,2.71273580880995,-1.3729433885188969,2.7448628925679266,-2.28742969386743,4.2938141763614786,-3.2881742028073986,2.6576927370503385,0.15,0.052462889745251706,-0.030685539792449933,0.14804921887214653,0.007613817816986772,0.00774107052540346,0
29.35,0.15770921975124505,main,0,0,-1.3426084463198749,2.712554540251746,-1.3654828648067525,2.7443655243204503,-2.2862434825061317,4.301219775770462,-3.280674269922895,2.657661008073949,0.15,0.04864049846992722,-0.03037257775179604,0.1480601482505627,0.00759793960933676,0.007712444342190121,0
29.400000000000002,0.15830098945185528,main,0,0,-1.3351102185171368,2.7123915070703135,-1.3580174989844287,2.7438678332656288,-2.285075285237482,4.30862823817109,-3.273174319098821,2.657633848610185,0.15,0.04497492771376116,-0.030039963753163774,0.1480711648633978,0.007583812700534453,0.007686718013858987,0
29.450000000000003,0.1588930089621802,main,0,0,-1.3276116430531677,2.7122453358995586,-1.3505489817319045,2.7433699321154603,-2.2839237506615424,4.316039308817118,-3.26567435535502,2.657610528197118,0.15,0.04146088987672502,-0.02968913151985726,0.1480821788326431,0.007571286440781139,0.007663631699243418,0
29.5,0.1594851849560162,main,0,0,-1.3201127806826838,2.712114709912333,-1.3430784903893684,2.742871899359291,-2.2827875820281616,4.323452750719265,-3.258174382433277,2.657590374459978,0.15,0.03809318891925718,-0.029321455091802354,0.1480931120066461,0.007560220360629193,0.007642949431520574,0
29.55,0.16007745274505536,main,0,0,-1.3126136831162407,2.711998366932457,-1.335606841020709,2.7423737894013804,-2.281665535529244,4.330868343187454,-3.250674403097768,2.657572768582057,0.15,0.03486673859902038,-0.028938251274580037,0.14810389685885877,0.007550483819784756,0.007624456309173411,0
29.6,0.16066976781538175,main,0,0,-1.3051143941206014,2.7118950975764844,-1.3281345951833465,2.74187563967889,-2.2805564186050598,4.3382858804909326,-3.243174419378971,2.6575571411134358,0.15,0.031776575280123814,-0.028540781840158992,0.14811447546846696,0.007541955595887168,0.007607956166516163,0
29.650000000000002,0.16126209987990034,main,0,0,-1.2976149505132217,2.7118037434319096,-1.3206621349587633,2.7413774756639175,-2.279459088272457,4.3457051706282135,-3.235674432770609,2.657542968097135,0.15,0.028817866528660273,-0.028130255560997373,0.14812479858080096,0.007534523435130991,0.007593269620239129,0
29.700000000000003,0.16186541540514207,main,0,0,-1.2901153830593823,2.711723195276675,-1.3130511148312163,2.740870074322081,-2.278372449480925,4.353126034199034,-3.228174444387683,2.657529767491976,0.15,0.02595926925055759,-0.027709657854963113,0.14813489358980556,0.0075280261216014175,0.0075802209205115875,0
29.75,0.1624652295543465,main,0,0,-1.2826157173743038,2.711652381351097,-1.3054842656927774,2.7403656177128517,-2.277295443611799,4.36054830193591,-3.2206744551058004,2.657517087916199,0.15,0.023232170677960545,-0.02727788467601853,0.14814463267077105,0.00752245529042922,0.007568667794495115,0
29.8,0.16306257588182116,dt,1,0,-1.2751159744909613,2.711590279146997,-1.2979510971337354,2.739829258094478,-2.277295443611799,4.36054830193591,-3.2131744656414476,2.657504516734909,0.15,0.023232170677960545,-0.02683097489019842,0.16175340264936613,0.007522455290429278,0.007559425293681948,0
29.85,0.16365817939308616,dt,1,0,-1.2714757224117945,2.7115643645556515,-1.2904466997385797,2.7392038916448818,-2.277295443611799,4.36054830193591,-3.205674467080984,2.6574998699037065,0.07280688639386262,0.01865940165379569,-0.026360703712425923,0.16173347134638927,0.0036701110418788357,0.006781562443321326,0
29.900000000000002,0.16416123021413573,dt,1,0,-1.2703607583641194,2.7115574675120513,-1.2841084340975708,2.7386757028414648,-2.277295443611799,4.36054830193591,-3.198174468434228,2.6575043753072825,0.02229970759286785,0.055419129285660194,-0.026130304392267,0.16171728610889355,0.0017784100563582406,0.00578093196592871,0
29.950000000000003,0.16453974378806535,dt,1,0,-1.2692946683631832,2.7115538269568114,-1.2793392945198079,2.7382782745433176,-2.277295443611799,4.36054830193591,-3.1906744824637867,2.6575188819671007,0.02132192433847209,0.0809624096526837,-0.026039971501323523,0.16171486608321642,0.0022876584107377734,0.005082277254890522,0
30.0,0.16482991919777046,dt,1,0,-1.261794669867035,2.7115585764594434,-1.275683185132366,2.7379735987610307,-2.277295443611799,4.36054830193591,-3.1831745238313385,2.657543792036628,0.15,0.09618237717878853,-0.025938456230480845,0.16172180452155363,0.007876033649613945,0.005641028533835207,0
30.05,0.1652103773796782,dt,1,0,-1.2542947809401277,2.7115993941523335,-1.2708895441694206,2.7375741286807855,-2.277295443611799,4.36054830193591,-3.175674607439434,2.6575792055149035,0.15,0.1040739754720831,-0.02539154362516006,0.16172877122973692,0.007938489795395756,0.006100520786147317,0
30.1,0.16565395983897202,dt,1,0,-1.2467952059578107,2.711679238279263,-1.2653005592338022,2.73710837993615,-2.277295443611799,4.36054830193591,-3.1681747502372333,2.6576254866837923,0.15,0.10682277762093753,-0.024814283705101026,0.1617351318849571,0.007961277607058908,0.0064726721503296355,0
30.150000000000002,0.16614164496741413,dt,1,0,-1.2392961644048373,2.711799137348385,-1.2591558959833051,2.7365963246652756,-2.277295443611799,4.36054830193591,-3.160674971993829,2.657683160766048,0.15,0.10602594732116097,-0.024201976530718563,0.16174039615046762,0.007954617428942917,0.006769061206052292,0
30.200000000000003,0.1666601104226348,dt,1,0,-1.2317978638448677,2.711958789195728,-1.2526234113050791,2.73605195094209,-2.277295443611799,4.36054830193591,-3.153175295712275,2.6577528434173634,0.15,0.10284573429159266,-0.023551749124192695,0.1617442064002695,0.007928478931279077,0.00700094475109765,0
30.25,0.16720002625234415,dt,1,0,-1.2243004833958382,2.7121569971736474,-1.2458206593577836,2.7354850549464818,-2.277295443611799,4.36054830193591,-3.1456757478232076,2.6578351930353366,0.15,0.01724095668907341,-0.02286250596527363,0.16174632580846215,0.007512375231391337,0.007103230847156387,0
30.3,0.16775485961251296,dt,1,0,-1.2168032765972965,2.7123616681777,-1.2388299517073984,2.7349024959756165,-2.277295443611799,4.36054830193591,-3.1381763582338364,2.657930878911144,0.15,0.040601215473111525,-0.022134557730373938,0.16172701798511419,0.007568374111140615,0.0071962594999532324,0
30.35,0.16832011840249095,dt,1,0,-1.2093065007415855,2.7125815585349926,-1.2317078872620595,2.7343089906051716,-2.277295443611799,4.36054830193591,-3.130677160278084,2.658040560360996,0.15,0.055327566198807354,-0.021399439964428304,0.16171362138819953,0.00762648098656441,0.007282303797275468,0
30.400000000000002,0.1688926348135733,dt,1,0,-1.201810361870842,2.7128221869425615,-1.2244943793113,2.733707864942608,-2.277295443611799,4.36054830193591,-3.1231781906024505,2.658164873690653,0.15,0.06388244062819429,-0.020648227676088364,0.1617037237970724,0.007668155181520848,0.007359474074124545,0
30.450000000000003,0.16947017563302047,dt,1,0,-1.194315029834619,2.71308675766424,-1.2172175655600677,2.733101463796672,-2.277295443611799,4.36054830193591,-3.1156794890046227,2.6583044242074285,0.15,0.06806883419870874,-0.019875413825271124,0.1616957902742823,0.007690634165543958,0.007425706092408428,0
30.5,0.17005116728166259,dt,1,0,-1.1868206416584177,2.7133768367300366,-1.2098972725594155,2.7324914393799515,-2.277295443611799,4.36054830193591,-3.1081810982407236,2.658459781704424,0.15,0.06920360891271317,-0.01907791297717618,0.16168883185379676,0.0076969612301926865,0.00747995711996528,0
30.55,0.17063450192812116,dt,1,0,-1.1793273020706678,2.7136928459429717,-1.202547458599974,2.731878954883331,-2.277295443611799,4.36054830193591,-3.100683063813281,2.658631478311514,0.15,0.0682455540096319,-0.01825433451236866,0.16168221540144162,0.007691612950240068,0.007522288286020238,0
30.6,0.17118732270979958,dt,1,0,-1.1718350844168444,2.714034422622117,-1.195582108739621,2.7312985090616353,-2.277295443611799,4.36054830193591,-3.093185433749085,2.6588200079390676,0.15,0.06589682880577295,-0.017429285995078245,0.1616766382467063,0.007678801666221139,0.007553590962060419,0
30.650000000000002,0.17175207210265114,dt,1,0,-1.1643440328696282,2.7144006830717307,-1.1884664625211665,2.7307055385434307,-2.277295443611799,4.36054830193591,-3.0856882556704335,2.659025728275894,0.15,0.0626551117832485,-0.016573361332926945,0.16167036403646062,0.007661823503276357,0.007575237470303607,0
30.700000000000003,0.17232514385402337,dt,1,0,-1.156854165484156,2.7147904093192943,-1.1812459574756187,2.730103829789635,-2.277295443611799,4.36054830193591,-3.078191579811863,2.6592490018111103,0.15,0.044157004468818,-0.01568856651805719,0.1616634202529789,0.0075808080474502855,0.007576351585732943,0
30.75,0.17290401315864837,dt,1,0,-1.1493651768102235,2.7151966711089237,-1.1739314430095644,2.7300000000000004,-2.277295443611799,4.36054830193591,-3.070695458746487,2.6594901842591208,0.15,0.04648496893921094,-0.015209590680706153,0.20503242648889414,0.007589501479728488,0.0075789815645320524,0
30.8,0.17348691990054094,dt,1,0,-1.141877152617014,2.7156203380558366,-1.166561563152315,2.73,-2.277295443611799,4.36054830193591,-3.06320076579193,2.659772279131303,0.15,0.04687683547467583,-0.014803328891076273,0.20504371937307952,0.007591007743710539,0.00758138680036775,0
30.85,0.1740726299633859,dt,1,0,-1.1343901419992573,2.7160615545668603,-1.1591562399949014,2.7300000000000004,-2.277295443611799,4.36054830193591,-3.0557075813030607,2.660091944918915,0.15,0.04594816541836784,-0.014379661944163846,0.20505558709623403,0.007587458150844884,0.007582601070463177,0
30.900000000000002,0.17466027830084616,dt,1,0,-1.1269041647936002,2.716519970618482,-1.1517264106000087,2.7300000000000004,-2.277295443611799,4.36054830193591,-3.0482159479790156,2.660446106094173,0.15,0.04414337992967959,-0.013938445433140156,0.20506768708214615,0.007580758454453006,0.007582232547261143,0
30.950000000000003,0.17524925890980303,dt,1,0,-1.1194192176231355,2.7169949083568765,-1.144279736862511,2.73,-2.277295443611799,4.36054830193591,-3.040725878671578,2.660831932181647,0.15,0.041781771265186056,-0.013480029381518044,0.20507974752862138,0.007572388840800837,0.0075802638059690826,0
31.0,0.17583914766859432,dt,1,0,-1.1119352789721846,2.717485481765045,-1.1368215810907683,2.73,-2.277295443611799,4.36054830193591,-3.033237362833845,2.6612468183684808,0.15,0.039091261084784126,-0.013005091643123468,0.20509155605293908,0.007563403941562805,0.0075768918330878276,0
31.05,0.17642964820176982,dt,1,0,-1.1044523134727855,2.7179906820568145,-1.1293556904561606,2.73,-2.277295443611799,4.36054830193591,-3.0257503718295795,2.6616883675753047,0.15,0.03623315856783346,-0.012514518234954863,0.20510295046188115,0.007554503697290581,0.007572414205928379,0
31.1,0.1770205538861385,dt,1,0,-1.0969702755029336,2.718509438085883,-1.1218846773630138,2.73,-2.277295443611799,4.36054830193591,-3.018264863289547,2.6621543739026174,0.15,0.0333203092211768,-0.012009317943185494,0.20511381069320397,0.007546118331905662,0.007567155031123836,0
31.150000000000002,0.17761172116798257,dt,1,0,-1.0894891121718449,2.7190406585801923,-1.114410356807753,2.73,-2.277295443611799,4.36054830193591,-3.0107807846720296,2.6626428073646404,0.15,-0.04203802103601327,-0.01121312141051475,0.32,0.007573275183689745,0.007568379061637018,0
31.200000000000003,0.17820305081468862,dt,1,0,-1.0820068487945016,2.719556153247543,-1.106933983420642,2.73,-2.277295443611799,4.36054830193591,-3.00329219600211,2.6630563768663587,0.15,-0.09683405023659955,-0.010305873860154857,0.32,0.007881022827226435,0.007630907814754902,0
31.25,0.1787945202186229,dt,1,0,-1.074522177254833,2.7200354151209214,-1.0994558430373587,2.73,-2.277295443611799,4.36054830193591,-2.9957998461324147,2.663395041051167,0.15,-0.1329421326537897,-0.009409717894326198,0.32,0.008203414328594224,0.007745409117522767,0
31.3,0.17938614459333357,dt,1,0,-1.067034485384701,2.720464915363013,-1.0919757433080584,2.73,-2.277295443611799,4.36054830193591,-2.9883044842916866,2.6636587660529285,0.15,-0.1564123862249633,-0.008546188817291137,0.32,0.00845816301586026,0.007887959897190266,0
31.35,0.18000923818402537,dt,1,0,-1.0595436635711828,2.720835844679894,-1.08409776802798,2.73,-2.277295443611799,4.36054830193591,-2.9808068600098636,2.6638475254993637,0.15,-0.17166805104622615,-0.007749334476696984,0.32,0.008641105244339791,0.008038588966620172,0
31.400000000000002,0.18062011432446476,dt,1,0,-1.052049933901817,2.72114246438322,-1.0763742619520655,2.73,-2.277295443611799,4.36054830193591,-2.973307723043126,2.6639613005146847,0.15,-0.181584233180047,-0.007014874594330617,0.32,0.008766870655327408,0.008184245304361619,0
31.450000000000003,0.1812227223533731,dt,1,0,-1.044553729265269,2.721381035225935,-1.068767802246697,2.729823971749528,-2.277295443611799,4.36054830193591,-2.9658078232989213,2.6640000797214847,0.15,-0.18802975156703056,-0.006187412485551165,0.32,0.008851383630341264,0.008317672969557549,0
31.5,0.1818198291870903,dt,1,0,-1.0370556130256576,2.7215491210887492,-1.0612942614577348,2.7287563230653906,-2.277295443611799,4.36054830193591,-2.958307910760974,2.6639638592418757,0.15,-0.19221933851856987,-0.004634783305705496,0.32,0.008907450326149646,0.008435628440875968,0
31.55,0.1824133666086685,dt,1,0,-1.0295562276436503,2.721645136150765,-1.053865396337693,2.7276950566196705,-2.277295443611799,4.36054830193591,-2.9508087354142885,2.6638526426978753,0.15,-0.1949425700370704,-0.0031553603503497794,0.32,0.008944362945895628,0.008537375341879901,0
31.6,0.18300467709663115,dt,1,0,-1.022056262647725,2.721668050336236,-1.0464644040843991,2.726637772012057,-2.277295443611799,4.36054830193591,-2.943311047170149,2.663666441211045,0.15,-0.19671267052409575,-0.0017493963039354027,0.32,0.008968551818183968,0.008623610637140715,0
31.650000000000002,0.1835946876458556,dt,1,0,-1.0145564350491107,2.7216171976955597,-1.0390796821945214,2.7255828117420746,-2.277295443611799,4.36054830193591,-2.935815595791133,2.663405273401379,0.15,-0.19786323584066223,-0.000417387724198436,0.32,0.008984356546844909,0.008695759819081555,0
31.700000000000003,0.1841840325452369,dt,1,0,-1.0070574775541996,2.7214921517459385,-1.0317032917471476,2.724529041678164,-2.277295443611799,4.36054830193591,-2.928323130816132,2.6630691653854397,0.15,-0.19861110329643045,0.0008400540756411828,0.32,0.008994664055449268,0.008755540666355099,0
31.75,0.1847731400172483,dt,1,0,-0.9995601315698592,2.721292644374908,-1.0243298730010397,2.723475696143006,-2.277295443611799,4.36054830193591,-2.9208344014853993,2.662658150773749,0.15,-0.1990972171426798,0.0020222869077475597,0.32,0.009001378431730614,0.008804708219430201,0
31.8,0.18535790807885258,dt,1,0,-0.9920651431084664,2.7210185130859466,-1.0170107674177467,2.722430109631107,-2.277295443611799,4.36054830193591,-2.9133501566656275,2.662172270667426,0.15,-0.19941319114274186,0.0031325743090732192,0.32,0.009005748886188268,0.008844916352781815,0
31.85,0.18594003065187253,dt,1,0,-0.9845732604220423,2.7206696666829857,-1.0097247734414982,2.7213892533487853,-2.277295443611799,4.36054830193591,-2.905871144775062,2.6616115736540755,0.15,-0.19961857424278223,0.00417113743558842,0.32,0.00900859225901591,0.008877651534028634,0
31.900000000000002,0.18652071756001048,dt,1,0,-0.9770852326524893,2.720246062950232,-1.0024567486115548,2.720350964087365,-2.277295443611799,4.36054830193591,-2.898398113708659,2.6609761158029324,0.15,-0.19975207325780847,0.005137681383498743,0.32,0.009010441539222503,0.008904209535067409,0
31.950000000000003,0.18710079886338932,dt,1,0,-0.9696018090694092,2.719747694134795,-0.9953342376817876,2.7186669250519393,-2.277295443611799,4.36054830193591,-2.8909318107632984,2.660265960659252,0.15,-0.19983884761757548,0.006623380868867178,0.32,0.009011644030680561,0.008925696434190038,0
32.0,0.18768083856006426,dt,1,0,-0.9621237386412852,2.7191745775044156,-0.9882827759767038,2.71665222170763,-2.277295443611799,4.36054830193591,-2.883472982563052,2.659481179237957,0.15,-0.19666967868590132,0.008338042942933239,0.32,0.00896796250948388,0.008934149649248806,0
32.050000000000004,0.18826121424841458,dt,1,0,-0.9546516654076059,2.718527954282954,-0.9812272296676764,2.7146363513336222,-2.277295443611799,4.36054830193591,-2.8760223749845246,2.6586218500165355,0.15,-0.16674580937606293,0.009978847458995473,0.32,0.00858065283590352,0.00886345028657975,0
32.1,0.1888421674625617,dt,1,0,-0.9471852428890335,2.7178190574116425,-0.9741646624580745,2.7126184749880213,-2.277295443611799,4.36054830193591,-2.8685807330822652,2.657688058927193,0.15,-0.13708352118860267,0.011546724572161167,0.32,0.00824590397490884,0.008739941024245568,0
32.15,0.1894238019586535,dt,1,0,-0.9397238546209484,2.7170590014183875,-0.9670938129988768,2.7105982322853936,-2.277295443611799,4.36054830193591,-2.8611488010142625,2.656679899348261,0.15,-0.13506036051263148,0.013052338299846665,0.32,0.008225011435470844,0.008636955106490624,0
32.2,0.19000613197984934,dt,1,0,-0.9322677691168152,2.7162485762490753,-0.9600145081379813,2.708575573753709,-2.277295443611799,4.36054830193591,-2.85372732196753,2.655597472094857,0.15,-0.13168535271656734,0.014506238006479885,0.32,0.008190735319557975,0.008547711149104093,0
32.25,0.19058915622091885,dt,1,0,-0.9248171812500292,2.7153890761389525,-0.9529267637428912,2.7065505039265405,-2.277295443611799,4.36054830193591,-2.846317038083788,2.6544408854088046,0.15,-0.12746335270661432,0.015908852010145327,0.32,0.008148884367016569,0.00846794579268659,0
32.300000000000004,0.1911549296864789,dt,1,0,-0.9195363769251308,2.714745753453955,-0.9460487346200236,2.7045853527485786,-2.277295443611799,4.36054830193591,-2.83891869038525,2.6532102549478083,0.10639691423137888,-0.12271906791121419,0.017271118236242153,0.32,0.006141110600943575,0.008002578754337988,0
32.35,0.19166058979863226,dt,1,0,-0.9164112306641228,2.714345564061538,-0.9399014951516255,2.7028289986147502,-2.277295443611799,4.36054830193591,-2.8315330187005197,2.6519057037738887,0.06301330241304655,-0.11758864437143195,0.01813818621149541,0.32,0.004309132337917963,0.007263889471053983,0
32.4,0.19208731789336822,dt,1,0,-0.9144731003837386,2.7140857867176327,-0.9347138212117841,2.70134680606051,-2.277295443611799,4.36054830193591,-2.8241607615906115,2.6505273623410757,0.03910924827786158,-0.11213682185212537,0.01852923926225067,0.32,0.0034180403759440257,0.006494719652031992,0
32.45,0.19243125162194802,dt,1,0,-0.9131859464951997,2.7139059108884,-0.9305326668355063,2.70015219052443,-2.277295443611799,4.36054830193591,-2.8168026562750925,2.6490753684823645,0.02599323332502672,-0.10641496624536245,0.01867911393654162,0.32,0.002960863235164472,0.0057879483686584885,0
32.5,0.19270210075540653,dt,1,0,-0.912252274465811,2.7137703644021967,-0.9273123120677478,2.698992117025406,-2.277295443611799,4.36054830193591,-2.809459438558363,2.647549867395931,0.01886919509025041,-0.10049077083147989,0.01888089180538387,0.2170818933460849,0.002683582157737258,0.005167075126474243,0
32.550000000000004,0.19291356798336934,dt,1,0,-0.911506535289059,2.713658272406636,-0.9248088964401967,2.698053336165074,-2.277295443611799,4.36054830193591,-2.802105169683386,2.64607856548451,0.015082327873528638,-0.09444763969806749,0.019059100916816524,0.21689390973574815,0.002478692082136574,0.004629398517606709,0
32.6,0.19307909713427643,dt,1,0,-0.9108492093868383,2.7135562932487,-0.9228493102329719,2.6973184913373647,-2.277295443611799,4.36054830193591,-2.7947406977396883,2.6446592159889715,0.013303790292749137,-0.08837535876154792,0.01920992808450766,0.21673929309636675,0.002307347960977866,0.004164988406280941,0
32.65,0.1932104210852156,dt,1,0,-0.9102476924139022,2.7134602486014323,-0.9212946559528741,2.696735495982328,-2.277295443611799,4.36054830193591,-2.7873668571293275,2.6432893712339007,0.012182729464270356,-0.060301909108332115,0.019346645941383835,0.21661014392973027,0.0016259604528761503,0.003657182815599983,0
32.7,0.19331651203745648,dt,1,0,-0.909633412138446,2.7133602657750773,-0.9200387178562708,2.6962645191961014,-2.277295443611799,4.36054830193591,-2.779984446340703,2.6419664914404213,0.012447277973606003,-0.0389170438672245,0.019472094071679182,0.2165185730738885,0.001154955415582282,0.0031567373355964427,0
32.75,0.19340525626558155,dt,1,0,-0.9089768232215697,2.7132520847281194,-0.9189881357415695,2.6958705509030887,-2.277295443611799,4.36054830193591,-2.7725942149002,2.6406880238984782,0.013308826314678036,-0.022711978144305048,0.01959797684921818,0.21645325237813864,0.0008747618900035785,0.00270034224647787,0
32.800000000000004,0.19348286606748233,dt,1,0,-0.9082681256055876,2.7131344913375006,-0.9180693664703151,2.6955260124263685,-2.277295443611799,4.36054830193591,-2.765196855335137,2.6394514676057157,0.014367748834329166,-0.010488483160770922,0.019729389154718766,0.21640617931264206,0.0007647455072111015,0.0023132228986245166,0
32.85,0.19355391789648788,dt,1,0,-0.9075068428663644,2.713007762294407,-0.9172282325470493,2.6952105872051435,-2.277295443611799,4.36054830193591,-2.757792999846872,2.6382544196079762,0.015435176181728547,-0.0013009265756856727,0.019868335445587425,0.21637172334803362,0.0007724437944761043,0.002005067077794834,0
32.9,0.193621623549484,dt,1,0,-0.9067176246880084,2.712876330142033,-0.9164267117089653,2.694910016890862,-2.277295443611799,4.36054830193591,-2.7503832205476466,2.6370946046499917,0.01600174670122269,0.005590849837977692,0.020015381586674888,0.21634593125350235,0.0008122042507395814,0.0017664945123837836,0
32.95,0.1936876467089513,dt,1,0,-0.9059157999843991,2.71274302891644,-0.9156451087590284,2.694616915784636,-2.277295443611799,4.36054830193591,-2.7429680320512575,2.6359698915474543,0.01625659339545268,0.01075605683789343,0.020166765336863044,0.21632621481915584,0.0008561542187306483,0.0015844264536531566,0
33.0,0.1937527877761577,dt,1,0,-0.905107328674536,2.7126090694855205,-0.9148739482950133,2.69432773061063,-2.277295443611799,4.36054830193591,-2.7355478960079016,2.6348782958814265,0.01638988697952446,0.014626838199893433,0.020320250076703406,0.21631085022996865,0.0008973774207838096,0.0014470166470792873,0
33.050000000000004,0.1938174645312695,dt,1,0,-0.9042935123549982,2.7124748358591493,-0.9141082845037679,2.6940406066889135,-2.277295443611799,4.36054830193591,-2.728123226267746,2.633817975529073,0.016496250099882565,0.017529027539781757,0.020475101812449745,0.21629864068913596,0.0009340007614832589,0.0013444134699600817,0
33.1,0.19388193730327485,dt,1,0,-0.9034734742859695,2.7123403141670908,-0.9133450355287629,2.6937543883232857,-2.277295443611799,4.36054830193591,-2.7206943939179453,2.632787223416024,0.016619970159910156,0.019707590067004732,0.020631305021977908,0.2162887253040612,0.0009660754171886929,0.001268745859405804,0
33.15,0.19394640791669052,dt,1,0,-0.9026454335222448,2.712205317443351,-0.9125818121078225,2.693468179540434,-2.277295443611799,4.36054830193591,-2.7132617319088665,2.6317844595062256,0.01677945913085643,0.021346644945477562,0.02078916582853988,0.21628046714379975,0.0009943214537200444,0.0012138609782686523,0
33.2,0.194011058773912,dt,1,0,-0.901807335543014,2.71206959922224,-0.9118164549039571,2.693181170588984,-2.277295443611799,4.36054830193591,-2.7058255391962494,2.630808222884899,0.01698031399394563,0.022584775406898558,0.020949114583980893,0.21627338510795713,0.0010196189035345472,0.0011750125633218313,0
33.25,0.19407606525563995,dt,1,0,-0.9009571457077873,2.711932907958235,-0.9110468877052115,2.6928925828894545,-2.277295443611799,4.36054830193591,-2.6983860844133276,2.6298571642469257,0.017222163134495733,0.02352654023641075,0.021111610992492494,0.21626711064610765,0.0010428056229530986,0.0011485711752480848,0
33.300000000000004,0.19414159742802664,dt,1,0,-0.9000929708119587,2.711795010846108,-0.910271097214928,2.6926016614555977,-2.277295443611799,4.36054830193591,-2.69094360911762,2.6289300388655534,0.01750215831391323,0.024251049190259014,0.02127710142813512,0.21626135899832885,0.0010646054343657185,0.0011317780270716116,0
33.35,0.19420781833860382,dt,1,0,-0.8992130967461216,2.711655702452773,-0.9094871532250881,2.692307682459408,-2.277295443611799,4.36054830193591,-2.6834983306634324,2.6280257000244074,0.01781667982746908,0.024818324481715975,0.0214460022502203,0.21625590923411547,0.0010856120250743253,0.0011225448266721544,0
33.4,0.19427488191483344,dt,1,0,-0.8982567359153976,2.711505500364383,-0.9086932334939314,2.692009962560224,-2.277295443611799,4.36054830193591,-2.6760504447480034,2.627143092869014,0.019361680773113475,0.0002114551819461935,0.021618695551728018,0.21625058985400614,0.0009680984721135807,0.0010916555557604396,0
33.45,0.19434432543557487,dt,1,0,-0.8972862751545757,2.711353094312635,-0.9078711392302906,2.691701677211359,-2.277295443611799,4.36054830193591,-2.6686001276733076,2.626281248633381,0.019647103531099358,-0.016516661016913826,0.021805678060784962,0.21622648604917483,0.0010656086288462529,0.0010864461703776022,0
33.5,0.19441576654000853,dt,1,0,-0.8963243426434185,2.711201213486497,-0.907025396941939,2.6913845238532272,-2.277295443611799,4.36054830193591,-2.661147537123125,2.6254392901478676,0.01947698068356109,-0.02754366701380001,0.021995594275497157,0.216189938373176,0.0011927029960236944,0.0011076975355068207,0
33.550000000000004,0.19448841210368356,dt,1,0,-0.8953739413933993,2.7110498115475146,-0.9061653958858493,2.6910620234571936,-2.277295443611799,4.36054830193591,-2.6536928146153818,2.6246164217911123,0.019247702025600666,-0.03446988891734772,0.022183743550555118,0.2161458191793919,0.0012918178507048631,0.0011445215985464291,0
33.6,0.19456164060717304,dt,1,0,-0.894429726961782,2.710897726082078,-0.9052984938046911,2.690736935176759,-2.277295443611799,4.36054830193591,-2.646236087985647,2.6238119169934877,0.019127685502133937,-0.03846921701504846,0.022368939615615778,0.21609763541931173,0.0013563171800009116,0.0011868807148373256,0
33.65,0.194635145409773,dt,1,0,-0.8934835914200162,2.710743463532099,-0.9044283208076673,2.6904106203028753,-2.277295443611799,4.36054830193591,-2.63877747338854,2.623025108063805,0.019172578310896325,-0.04040114419839611,0.022551608132736226,0.21604778445008913,0.001392525468548375,0.0012280096655795355,0
33.7,0.19470890444159167,dt,1,0,-0.8925272656002662,2.7105855556654355,-0.9035551381651046,2.690083176811914,-2.277295443611799,4.36054830193591,-2.6313170767772536,2.6222553792789043,0.019385499404189994,-0.04089361676965243,0.02273279559504981,0.21599782851275826,0.001408784547292186,0.0012641646419220655,0
33.75,0.19478309820358292,dt,1,0,-0.891553398341795,2.7104227051368146,-0.9026768090498798,2.689753803393705,-2.277295443611799,4.36054830193591,-2.6238549949737817,2.621502162737467,0.019747787033429935,-0.040404150835237226,0.022913685681250726,0.21594873269831935,0.0014125322508679696,0.0012938381637112464,0
33.800000000000004,0.1948580271770522,dt,1,0,-0.8905639416168266,2.7102551922305227,-0.9017897762696878,2.689421166101133,-2.277295443611799,4.36054830193591,-2.6163913164634858,2.620764936113596,0.020070726786635573,-0.03926486088335473,0.02309538404648514,0.21590105142187854,0.0014038041163132206,0.0013158313542316414,0
33.85,0.19493385599647015,dt,1,0,-0.8895616867967833,2.7100834878918554,-0.9008920908298286,2.689084534061186,-2.277295443611799,4.36054830193591,-2.608926122023182,2.6200432215104046,0.02033712963244714,-0.03771525297841689,0.023277635525972666,0.21585512068870608,0.0013867307944347834,0.0013300112422722698,0
33.9,0.19501063396597984,dt,1,0,-0.8885474900052223,2.709907768372327,-0.8999831690523323,2.6887436883946245,-2.277295443611799,4.36054830193591,-2.6014594853994337,2.6193365833222897,0.0205861359322815,-0.035926556698207185,0.02346006961677719,0.2158111299061278,0.0013660786595853366,0.0013372247257348834,0
33.95,0.19508837510942223,dt,1,0,-0.8875214851203789,2.7097281040247196,-0.899062844918554,2.688398566844458,-2.277295443611799,4.36054830193591,-2.5939914740066934,2.618644625348205,0.020832333537304723,-0.03401988652193742,0.023642598921177434,0.21576915543934722,0.0013447344443707997,0.0013387266694620667,0
34.0,0.19516708568295266,dt,1,0,-0.8864836471184064,2.7095445475398403,-0.8981310443661572,2.6880491416373093,-2.277295443611799,4.36054830193591,-2.5865221495784927,2.617966987844604,0.02107890605775764,-0.03207971129806121,0.02382524620129136,0.2157291946275076,0.0013243840547907185,0.0013358581465277972,0
34.050000000000004,0.19524677018284858,dt,1,0,-0.8854340264172651,2.7093571703816464,-0.8971877141667938,2.6876953928125475,-2.277295443611799,4.36054830193591,-2.5790515687557445,2.6173033447396254,0.021324294273689724,-0.030163805020275276,0.02400806332439091,0.21569119394911815,0.0013059376991229783,0.0013298740570468334,0
34.1,0.19532743004096334,dt,1,0,-0.8843728230961241,2.7091660735578325,-0.8962328373697326,2.6873373140136496,-2.277295443611799,4.36054830193591,-2.571579783614815,2.616653401043766,0.021565439804209358,-0.028310579072764352,0.024191096344172856,0.21565507011940838,0.0012898065899659642,0.0013218605636306597,0
34.15,0.19540906097286498,dt,1,0,-0.8833003883337741,2.7089713865358553,-0.8952664646954289,2.686974924260786,-2.277295443611799,4.36054830193591,-2.5641068421429933,2.616016890432129,0.021799260134444436,-0.026544475143414438,0.024374373028027307,0.21562072489686987,0.001276087803179173,0.0013127060115403625,0
34.2,0.19549165109860733,dt,1,0,-0.8822171970237955,2.7087732614236266,-0.8942887367824248,2.686608276293409,-2.277295443611799,4.36054830193591,-2.556632788668817,2.615393572964738,0.02202323295166997,-0.024879925877310805,0.024557900757550932,0.21558805494552516,0.0012646891590017996,0.00130310264103265,0
34.25,0.1955751802841659,dt,1,0,-0.881123812740397,2.7085718659361047,-0.8932998919836429,2.6862374594938663,-2.277295443611799,4.36054830193591,-2.5491576642531357,2.6147832329201024,0.02223555111596861,-0.02332425935298979,0.024741668780749602,0.21555695807340702,0.001255413280579558,0.0012935647689420317,0
34.300000000000004,0.19565962051740082,dt,1,0,-0.8800208544924346,2.7083673767647882,-0.892300261915614,2.685862598218355,-2.277295443611799,4.36054830193591,-2.5416815070451753,2.6141856767287197,0.022435086074574714,-0.021879825234412502,0.024925651908197993,0.21552733693754242,0.0012480131962900884,0.001284454454411643,0
34.35,0.1957449369651038,dt,1,0,-0.8789089688325304,2.708159973985017,-0.8912902589448257,2.68548384710431,-2.277295443611799,4.36054830193591,-2.5342043526066758,2.613600731002324,0.022621278776917254,-0.020545547465742883,0.02510981432378539,0.21549910104238085,0.0012422279719014294,0.0012760091579096006,0
34.4,0.19583108937918223,dt,1,0,-0.8777888080889259,2.7079498366505894,-0.8902703595408712,2.6851013848278265,-2.277295443611799,4.36054830193591,-2.5267262342064165,2.613028240660303,0.022794014923511238,-0.0193180544486657,0.02529411296412819,0.21547216762733373,0.0012378044304872612,0.0012683682124251328,0
34.45,0.19591803360131746,dt,1,0,-0.8766610142638922,2.7077371395029095,-0.8892410864638307,2.6847154074239366,-2.277295443611799,4.36054830193591,-2.519247183087022,2.6124680671572835,0.022953509434640747,-0.01819249791968667,0.025478500296893716,0.21544646185735253,0.001234509356491045,0.0012615964412383152,0
34.5,0.19600572300137487,dt,1,0,-0.8755262077017847,2.7075220506352693,-0.8882029917359193,2.6843261219009698,-2.277295443611799,4.36054830193591,-2.5117672287057533,2.6119200868162697,0.02310020912792849,-0.01716314252602585,0.025662926498873247,0.2154219165961894,0.001232135369081038,0.00125570422680686,0
34.550000000000004,0.19609410975551422,dt,1,0,-0.874384979558584,2.7073047299333046,-0.8871566415108152,2.6839337405665558,-2.277295443611799,4.36054830193591,-2.504286398950921,2.6113841892708187,0.023234715081840704,-0.016223786609864815,0.02584734110340644,0.2153984719466062,0.0012305027406764608,0.0012506639295807801,0
34.6,0.19618314592116554,dt,1,0,-0.8732378871918035,2.707085328123756,-0.8861026033477584,2.6835384762554093,-2.277295443611799,4.36054830193591,-2.496804720335553,2.610860276018129,0.023357722936614672,-0.015368058896906631,0.026031694206934772,0.2153760746759426,0.001229458752203992,0.0012464228941054226,0
34.65,0.1962727842998607,dt,1,0,-0.8720854517306909,2.7068639862866672,-0.8850414359970742,2.683140538498903,-2.277295443611799,4.36054830193591,-2.4893222181699475,2.6103482590831475,0.023469978277584503,-0.014589624134312189,0.02621593732268838,0.21535467760098131,0.0012288756684927574,0.0012429134489828897,0
34.7,0.19636297909926267,dt,1,0,-0.8709281572330656,2.7066408357118132,-0.8839736815628674,2.682740130586075,-2.277295443611799,4.36054830193591,-2.4818389167147603,2.6098480597920677,0.023572244129835176,-0.013882322126703268,0.02640002395906683,0.21533423897658757,0.0012286480478801705,0.0012400603687623458,0
34.75,0.19645368641651498,dt,1,0,-0.8697729119909885,2.7064172484768725,-0.8828998597809765,2.682337447417866,-2.277295443611799,4.36054830193591,-2.474354839316245,2.6093596076521095,0.023533659477184214,-0.013240258266113518,0.026583909987406455,0.2153147219134465,0.0012223535066895024,0.001236518996347777,0
34.800000000000004,0.1965447106056351,dt,1,0,-0.8686256409710505,2.7061944165212313,-0.8818222867701428,2.681933357538804,-2.277295443611799,4.36054830193591,-2.4668700085252278,2.6088828393332744,0.023374215483256702,-0.012657577669885183,0.026766921722320983,0.21529611748856126,0.0012107926304440481,0.0012313737231670313,0
34.85,0.19663577314795888,dt,1,0,-0.8674896099686211,2.7059730215051485,-0.880744259722009,2.6815290973957535,-2.277295443611799,4.36054830193591,-2.4593844462758883,2.608417696547388,0.023148064209580963,-0.012128445548558497,0.026948411822507047,0.2152784294367096,0.001196461109383561,0.0012243912004103372,0
34.9,0.1967266008445259,dt,1,0,-0.8663665701583603,2.705753451287358,-0.8796690128518873,2.681125879819458,-2.277295443611799,4.36054830193591,-2.451898174076179,2.6079641234530997,0.0228860612248699,-0.011647192356623317,0.02712794625411171,0.21526165879964823,0.0011807688923288538,0.0012156667387940407,0
34.95,0.19681696031852236,dt,1,0,-0.8652573956584411,2.7055359212280825,-0.8785993089479811,2.680724740855493,-2.277295443611799,4.36054830193591,-2.4444112131628306,2.6075220643145323,0.02260608234930948,-0.011208466899026631,0.02730523649359967,0.2152457991072285,0.0011645196345922658,0.001205437317953686,0
35.0,0.19690666699149859,dt,1,0,-0.8641624430102726,2.7053205430332032,-0.8775373331080949,2.6803264999155356,-2.277295443611799,4.36054830193591,-2.436923584609243,2.60709146166301,0.022318683371208264,-0.01080734649213981,0.02748009636034759,0.2152308360870768,0.001148176066610187,0.0011939850676849861,0
35.050000000000004,0.19699558280653318,dt,1,0,-0.8630817571660745,2.7051073645055284,-0.8764847196935324,2.6799317698850746,-2.277295443611799,4.36054830193591,-2.429435309389498,2.606672254991606,0.022030224497374545,-0.01043939611609809,0.0276524132570514,0.21521674905117927,0.0011320071104258809,0.0011815894762331651,0
35.1,0.19708360972680475,dt,1,0,-0.8620151919951483,2.704896393016185,-0.8754426292950535,2.679540985985645,-2.277295443611799,4.36054830193591,-2.4219464084068836,2.6062643799217664,0.021744610671599864,-0.010100684665624995,0.027822128225507118,0.21520351267454327,0.00111616984699684,0.0011685055503859,0
35.15,0.19717068231173487,dt,1,0,-0.8609624825918494,2.704687609749932,-0.8744118366188298,2.679154438732061,-2.277295443611799,4.36054830193591,-2.414456902496104,2.6058677677530238,0.02146427301411606,-0.009787770517934263,0.027989221660950483,0.2151910986406294,0.0011007555688621793,0.001154955554081156,0
35.2,0.1972567607951269,dt,1,0,-0.8599232899500338,2.7044809786307673,-0.873392812429619,2.6787723046611074,-2.277295443611799,4.36054830193591,-2.4069668124073362,2.6054823453066875,0.02119073161748765,-0.009497667815956116,0.028153702831709076,0.2151794769819484,0.0010858159719422946,0.0011411276376533837,0
35.25,0.1973418251729607,dt,1,0,-0.8588972294472441,2.704276452110008,-0.8723857935413096,2.678394672577991,-2.277295443611799,4.36054830193591,-2.3994761587787536,2.6051080349854243,0.020924925357846118,-0.009227802443138897,0.028315602063894177,0.2151686170981442,0.0010713783012011768,0.0011271777703629423,0
35.300000000000004,0.1974258703837883,dt,1,0,-0.8578838895844397,2.7040739750509344,-0.8713908398729161,2.6780215649523433,-2.277295443611799,4.36054830193591,-2.391984962102578,2.604744754984799,0.020667410452203203,-0.008975964088879879,0.02847496485325921,0.21515848849251654,0.0010574542988127727,0.0011132330760529085,0
35.35,0.1975089024863029,dt,1,0,-0.8568828446725212,2.7038734874197297,-0.870407879699721,2.6776529548873955,-2.277295443611799,4.36054830193591,-2.3844932426883703,2.604392419606521,0.020418483841305846,-0.00874025861377644,0.02863184740344514,0.21514906128332226,0.0010440456318290831,0.0010993955872081434,0
35.4,0.1975909356793589,dt,1,0,-0.8558936636255331,2.703674926200057,-0.8694367449312147,2.6772887793492055,-2.277295443611799,4.36054830193591,-2.3770010206261887,2.6040509396349893,0.020178262578114933,-0.00851906325336228,0.028786313236749284,0.21514030654361802,0.0010311472862181755,0.0010857459270101498,0
35.45,0.1976719900046752,dt,1,0,-0.854915916158866,2.703478226783567,-0.8684771983072194,2.676928949365207,-2.277295443611799,4.36054830193591,-2.369508315751383,2.60372022274842,0.019946736765912194,-0.00831098601071706,0.028938430619648715,0.21513219651467508,0.0010187497604001883,0.0010723466936881575,0
35.5,0.19775208958943588,dt,1,0,-0.8539491771981671,2.7032833239939906,-0.8675289542025326,2.6765733578259496,-2.277295443611799,4.36054830193591,-2.3620151476121722,2.6034001739435175,0.019723806078115518,-0.008114829789907936,0.029088270611226527,0.2151247047283059,0.0010068405308648952,0.0010592454611235052,0
35.550000000000004,0.19783126130962514,dt,1,0,-0.8529930300170053,2.7030901528469915,-0.8665916944507908,2.6762218854190465,-2.277295443611799,4.36054830193591,-2.3545215354406728,2.6030906959585867,0.019509305718826114,-0.007929561315575834,0.02923590558966032,0.2151178060648059,0.0009954050623929354,0.0010464773813773911,0
35.6,0.19790953377832116,dt,1,0,-0.8520470684488456,2.7028986491145557,-0.8656650803213667,2.6758744051205126,-2.277295443611799,4.36054830193591,-2.347027498127711,2.6027916896845196,0.019303025337724017,-0.0077542845845672385,0.029381408146439802,0.21511147676621187,0.0009844275234158436,0.0010340674097850816,0
35.65,0.19798693658365568,dt,1,0,-0.851108673510629,2.7027082984271082,-0.8647487615406391,2.67553078557774,-2.277295443611799,4.36054830193591,-2.339533054201516,2.6025030545565087,0.01915012735500349,-0.00758821843700954,0.029524850263783195,0.21510569441918342,0.0009761181312664177,0.0010224775540813489,0
35.7,0.1980635529091146,dt,1,0,-0.8502813357769007,2.702540148528793,-0.8638417533563112,2.675190657508617,-2.277295443611799,4.36054830193591,-2.3320382218102305,2.6022246889218916,0.016885047988727753,0.01203376253001184,0.02966644130695853,0.21510043502318757,0.0008962529020020501,0.000997232623665489,0
35.75,0.19813696635891898,dt,1,0,-0.8495333760292044,2.702388600154044,-0.8629726618224447,2.674864748183417,-2.277295443611799,4.36054830193591,-2.324543018693349,2.6019564907923463,0.015263167352328357,0.025729202347848854,0.02980000090052872,0.2150978733486923,0.0009980759502530032,0.000997401288982992,0
35.800000000000004,0.19820623592810077,dt,1,0,-0.84884058789536,2.702249158004876,-0.8621526268521376,2.6745572350695515,-2.277295443611799,4.36054830193591,-2.3170474628251108,2.6016983392358513,0.014133640880681933,0.035080175125653756,0.029925928501426027,0.21509708329634603,0.0011262931193252587,0.0010231796550514453,0
35.85,0.19827127816222853,dt,1,0,-0.8481846048249214,2.70211832065178,-0.8613826364052259,2.67426848865196,-2.277295443611799,4.36054830193591,-2.309551572504698,2.6014500887487593,0.013378074624806677,0.04124963812487954,0.030045120274592774,0.21509751855555698,0.0012291826980001775,0.0010643802636411917,0
35.9,0.19833247186766131,dt,1,0,-0.847551551128731,2.7019934136621573,-0.8606582060527596,2.6739968272697845,-2.277295443611799,4.36054830193591,-2.302055366186868,2.6012115707399346,0.012905173200183901,0.04509669842084643,0.03015875547189527,0.21509883724499373,0.00129901072690136,0.0011113063562932254,0
35.95,0.19839041276907168,dt,1,0,-0.8469309724971853,2.701872421245259,-0.859972283418494,2.673739606281935,-2.277295443611799,4.36054830193591,-2.294558862221719,2.6009825984697743,0.012645267935128858,0.047258599898839224,0.0302681301999355,0.21510080614187613,0.0013400061727945158,0.0011570463195934835,0
36.0,0.1984457669331943,dt,1,0,-0.846315005941967,2.701753838150647,-0.8593169833947055,2.6734938687730145,-2.277295443611799,4.36054830193591,-2.2870620785937876,2.600762973252688,0.012545544985774544,0.04820945423713316,0.030374538716286703,0.2151032504612502,0.0013587021090461818,0.0011973774774840231,0
36.050000000000004,0.19849918784088288,dt,1,0,-0.8456977426075927,2.7016365477343944,-0.8586845698692909,2.673256713700984,-2.277295443611799,4.36054830193591,-2.2795650327031356,2.6005524906798736,0.012566161955149376,0.04830263621810707,0.030479196963977585,0.21510602887088343,0.0013612444606753598,0.0012301508741222906,0
36.1,0.19855127350994942,dt,1,0,-0.8450747412887578,2.7015197252495797,-0.8580679633191003,2.6730254862446627,-2.277295443611799,4.36054830193591,-2.272067741203574,2.600350946216792,0.012677194267318614,0.047801631186948884,0.03058319985136862,0.21510902187239914,0.0013527381865355058,0.0012546683366049336,0
36.15,0.1986025480951417,dt,1,0,-0.8444426579383391,2.7014027628955395,-0.857460958635192,2.672797859488197,-2.277295443611799,4.36054830193591,-2.26457021989836,2.6001581398946376,0.012856275574817886,0.04690265938581758,0.030687503214258394,0.21511212681515368,0.0013372066837451955,0.001271176006032986,0
36.2,0.19865345786385374,main,0,0,-0.8438103020340165,2.701287283181271,-0.8568582727636431,2.672571852286366,-2.276227060236898,4.367971815724153,-2.2570724836865548,2.5999738800287227,0.012856275574817886,0.04690265938581758,0.03079292241918709,0.2151152558752792,0.0013372066837451385,0.0012843821415754165,0
36.25,0.19870410596388735,main,0,0,-0.8387784285801411,2.700380560122684,-0.8562586846082993,2.6723470067281125,-2.275187264490243,4.3753993876561665,-2.249574546550543,2.5997979860140012,0.1022582948435768,0.0656858558961189,0.030899337951924746,0.21511852179668564,0.005370152879694778,0.002101536289199289,0
36.300000000000004,0.19898243026670975,main,0,0,-0.8313929774606421,2.6990747608419783,-0.8529637938778297,2.671111422704186,-2.274175595540495,4.382830842825655,-2.2420764216210505,2.59963028824501,0.15,0.07815440165528711,0.03153082518837806,0.21510927270394406,0.007750327029313631,0.0032312944372221574,0
36.35,0.19935517215014734,main,0,0,-0.824002480044924,2.6977978317334275,-0.8484826849320326,2.6696965369864065,-2.2731929742876718,4.390266194564039,-2.23457808430495,2.5994723721471162,0.15,-0.02290390825825635,0.032164506078340385,0.14669583734812217,0.007521826116937222,0.004089400773165171,0
36.4,0.19979398940761883,main,0,0,-0.8166134498084607,2.6965124399003155,-0.8430423159116035,2.668608463182321,-2.2722018387503455,4.397700416133689,-2.227080373973189,2.599287062187865,0.15,-0.023700911490083236,0.03238467491170615,0.14669678679261816,0.007523369142439637,0.004776194447020064,0
36.45,0.20027906467053141,main,0,0,-0.8092259480078732,2.6952182926342303,-0.837028449346437,2.6674056898692875,-2.2712018940196526,4.405133457942771,-2.2195833474775726,2.5990758899263673,0.15,-0.024653902251593335,0.03260308454199707,0.14669800194376803,0.007525283005319127,0.005326012158679877,0
36.5,0.2007965257177012,main,0,0,-0.8018400471086828,2.69391503981634,-0.8306130702737848,2.666122614054757,-2.270192787376697,4.412565261477791,-2.212087052684055,2.5988401689712597,0.15,-0.025692208379616294,0.032817097592359006,0.14669938956464526,0.007527453485883383,0.005766300424120578,0
36.550000000000004,0.20133666193748684,main,0,0,-0.7944558264753748,2.69260230007114,-0.8239165689240764,2.664783313784815,-2.26917413459674,4.419995762572191,-2.2045915305042936,2.598581041101847,0.15,-0.026767421529669985,0.0330246410803551,0.14670088299497702,0.007529794770416514,0.006118999293379766,0
36.6,0.20189267582985812,main,0,0,-0.7870733693878923,2.691279678677286,-0.8170232193497811,2.6634046438699563,-2.268145537964328,4.427424893676688,-2.1970968163429756,2.5982995102151936,0.15,-0.027846639658904344,0.033224145598741574,0.14670243378637737,0.007532240509150229,0.006401647536533859,0
36.65,0.20245980904391517,main,0,0,-0.7796927609836543,2.689946779737647,-0.8099920146383012,2.6619984029276598,-2.267106598515428,4.434852585432645,-2.189602941166747,2.597996467572802,0.15,-0.028907754686238588,0.03341443372234843,0.14670400651068685,0.007534738643484971,0.0066282657579240815,0
36.7,0.2030347305954025,main,0,0,-0.7723140868441057,2.6886032143531726,-0.8028642516694718,2.6605728503338946,-2.2660569242609556,4.442278767760025,-2.18210993232107,2.5976727108144,0.15,-0.029936164241660408,0.03359461326617137,0.14670557531959985,0.007537248085736538,0.006810062223486573,0
36.75,0.20361510861381946,main,0,0,-0.7649374320292249,2.687248606017861,-0.7956688405096485,2.65913376810193,-2.264996135615805,4.449703370608011,-2.1746178141734136,2.597328958488515,0.15,-0.030922476582173633,0.033763992133693056,0.14670712154032065,0.0075397363829071695,0.006955997055370693,0
36.800000000000004,0.2041993105627566,main,0,0,-0.7575628804226768,2.6858825940843998,-0.7884260210203123,2.6576852042040624,-2.2639238688877494,4.4571263244717985,-2.1671266086322047,2.5969658613398563,0.15,-0.03186090880019614,0.033922016076345485,0.14670863193048617,0.007542177964188047,0.007073233237134164,0
36.85,0.20478619339324042,main,0,0,-0.7501905142918335,2.6845048358934265,-0.7811499644951351,2.656229992899027,-2.2628397784224874,4.464547560747725,-2.1596363355733796,2.596584011232826,0.15,-0.03274816923302956,0.034068225530713654,0.1467100973805597,0.007544552777837269,0.007167497145274785,0
36.9,0.2053749566514036,main,0,0,-0.7428204139959491,2.68311500798012,-0.7738505948018508,2.65477011896037,-2.2617435378208617,4.471967011976984,-2.1521470131955986,2.596183948335685,0.15,-0.033582678102224046,0.03420222675387111,0.1467115119350601,0.007546845212923345,0.007243366758804498,0
36.95,0.20596503965502896,main,0,0,-0.7354526577961017,2.681712806646641,-0.7665348631669946,2.6533069726333984,-2.2606348405183936,4.479384612012811,-2.1446586583185896,2.5957661670101366,0.15,-0.03436402440660187,0.034323673048743356,0.14671287204832026,0.007549043241258195,0.007304502055295238,0
37.0,0.20655604951888884,main,0,0,-0.7280873217347102,2.6802979481014972,-0.7592076405034239,2.6518415281006846,-2.2595133999293195,4.486800296135343,-2.137171286634939,2.5953311207242504,0.15,-0.03509258780509146,0.03443225282663977,0.1467141760159832,0.00755113773376478,0.007353829190989147,0
37.050000000000004,0.20714771077463728,main,0,0,-0.720724479562348,2.678870168305841,-0.7518723420128652,2.650374468402573,-2.2583789492959143,4.494214001130847,-2.129684912923022,2.5948792262171776,0.15,-0.0357692756851647,0.03452768216020102,0.14671542353945252,0.007553121915929916,0.007393687735977301,0
37.1,0.2077398301071527,main,0,0,-0.7133642026964812,2.67742922262408,-0.7445313643777205,2.648906272875544,-2.257231241341014,4.501625665346815,-2.122199551227055,2.594410867080888,0.15,-0.03639534061414393,0.0346097002063996,0.1467166153913758,0.007554990933913305,0.007425948375564502,0
37.15,0.20833227167256355,main,0,0,-0.7060065602015784,2.6759748853464167,-0.7371863917632717,2.6474372783526543,-2.2560700477917215,4.509035228730785,-2.114715215009066,2.593926396879427,0.15,-0.03697225385915262,0.03467806641588038,0.1467177531580491,0.007556741508225727,0.007452107002096748,0
37.2,0.20892493982355112,main,0,0,-0.6986516187833813,2.6745069491301967,-0.7298386099859403,2.645967721997188,-2.2548951588214226,4.516442632858243,-2.10723191727678,2.5934261418944846,0.15,-0.03750161799426991,0.03473255882245068,0.14671883904044464,0.007558371656323751,0.007473359932942149,0
37.25,0.20951776701979424,main,0,0,-0.6912994427924523,2.673025224392465,-0.7224888563971856,2.644497771279437,-2.253706382442679,4.523847820953176,-2.099749670690765,2.5929104035634807,0.15,-0.03798510673906626,0.03477297296343608,0.14671987569997022,0.0075598804692095685,0.007490664040195633,0
37.300000000000004,0.2101107053680248,main,0,0,-0.6839500942337208,2.6715295386760554,-0.7151377247682127,2.6430275449536422,-2.2525035438734395,4.531250737903699,-2.092268487653738,2.592379460660241,0.15,-0.03842442375444501,0.03479912115196645,0.14672086613842894,0.007561267930250762,0.007504784818206659,0
37.35,0.21070372070279442,main,0,0,-0.6766036327798626,2.67001973600452,-0.7077856386754515,2.6415571277350898,-2.2512864848919456,4.538651330274284,-2.0847883803845106,2.591833571256745,0.15,-0.03882127462384894,0.03481083193280567,0.14672181360420858,0.007562534767003549,0.007516334807966038,0
37.4,0.21129678844570146,main,0,0,-0.6692601157871024,2.668495676236321,-0.7004329028370333,2.6400865805674067,-2.2500550631908056,4.546049546315598,-2.077309360978741,2.59127297449603,0.15,-0.039177347995153926,0.03480794962358696,0.14672272151867669,0.007563682328896316,0.007525804312152094,0
37.45,0.2118898907094877,main,0,0,-0.661919598312554,2.666957234425315,-0.6930797390156257,2.638615947803125,-2.2488091517372952,4.553445335972559,-2.0698314414583785,2.5906978922002,0.15,-0.03949430307821628,0.034790333886995296,0.14672359341822963,0.007564712485268203,0.007533585946775317,0
37.5,0.2124830142734782,main,0,0,-0.6545821331325579,2.665404300192212,-0.6857263111185246,2.637145262223705,-2.247548638144581,4.560838650890956,-2.062354633811431,2.590108530332968,0.15,-0.03977376154408518,0.03475785930591723,0.14672443290855391,0.007565627539543743,0.007539994265329002,0
37.550000000000004,0.21307614916888776,main,0,0,-0.6472477707617135,2.66383677711004,-0.6783727427367454,2.6356745485473487,-2.246273424056918,4.568229444422819,-2.0548789500234905,2.589505080332782,0.15,-0.04001730246552724,0.03471041494916373,0.14672524362848868,0.007566430156314522,0.0075452814435261065,0
37.6,0.21366928769095195,main,0,0,-0.6399165594724542,2.662254582105549,-0.6710191293924239,2.6342038258784846,-2.2449834245507456,4.575617671630619,-2.047404402102247,2.5888877203300042,0.15,-0.04022645935229959,0.03464790392407945,0.14672602922150346,0.0075671232988509885,0.007549649814591083,0
37.65,0.21426242370974918,main,0,0,-0.6325885453151108,2.6606576448776735,-0.6636655470831081,2.6327331094166215,-2.2436785675528133,4.583003289290297,-2.0399310020960657,2.5882566162596534,0.15,-0.04040271862312352,0.03457024291698158,0.14672679331326788,0.007567710175151194,0.007553261886703105,0
37.7,0.2148555521900154,main,0,0,-0.6252637721384686,2.6590459073336725,-0.6563120582349993,2.6312624116469996,-2.2423587932759474,4.590386255893102,-2.0324587621075625,2.5876119228796544,0.15,-0.040547519057162015,0.03447736172447159,0.14672753949413966,0.007568194191057447,0.007556248347573974,0
37.75,0.21544866885715985,main,0,0,-0.6179422816108583,2.6574193230431695,-0.648958715843623,2.6297917431687243,-2.2410240536726866,4.597766531646181,-2.024987694302969,2.586953784703305,0.15,-0.04066225190779777,0.03436920277941851,0.14672827130565574,0.007568578909305375,0.007558714459920254,0
37.800000000000004,0.21604176996552613,main,0,0,-0.6106241132418349,2.6557778567100927,-0.641605566346882,2.6283211132693762,-2.2396743119067755,4.605144078471879,-2.017517810917989,2.586282336853658,0.15,-0.04074826145884522,0.0342457206753695,0.14672899223030603,0.007568868013610008,0.007560745170658205,0
37.85,0.21663485213812766,main,0,0,-0.603309304404507,2.654121483662331,-0.6342526516119833,2.626850530322397,-2.2383095418423373,4.612518860005674,-2.010049124260732,2.5855977058466855,0.15,-0.04080684587110721,0.0341068816927598,0.14672970568401664,0.007569065277081324,0.007562409191942829,0
37.9,0.217227912256318,main,0,0,-0.5959978903585748,2.652450189358821,-0.6269000103032849,2.625380002060657,-2.236929727550436,4.619890841592729,-2.0025816467122413,2.584900010309369,0.15,-0.04083925821430148,0.0339526633297542,0.14673041501088058,0.007569174534398351,0.007563762260433933,0
37.95,0.21782094738431754,main,0,0,-0.588689904274128,2.6507639689137035,-0.6195476788179985,2.6239095357635995,-2.235534862832661,4.627259990282985,-1.9951153907250492,2.584189361638281,0.15,-0.040846707612097764,0.03378305383999088,0.14673112347975803,0.0075691996572766545,0.007564849739802477,0
38.0,0.21841395471804304,main,0,0,-0.5813853772562504,2.6490628266371448,-0.6121956919205899,2.622439138384118,-2.2341249507613363,4.63462627482481,-1.9876503688201306,2.5834658646036734,0.15,-0.04083036045077242,0.03359805177899306,0.14673183428243472,0.007569144532844355,0.0075657086984108534,0
38.050000000000004,0.21900693155085238,main,0,0,-0.5740843383704602,2.647346775592397,-0.6048440831674692,2.6209688166334937,-2.2327000032359186,4.641989665657151,-1.980186593582578,2.5827296179036483,0.15,-0.04079134161772302,0.03339766556054764,0.1467325505330788,0.007569013044602164,0.007566369567649116,0
38.1,0.2195998752510353,main,0,0,-0.5667868146690126,2.645615837168648,-0.5974928851860563,2.619498577037211,-2.231260040555139,4.649350134900207,-1.9727240776562651,2.581980714672565,0.15,-0.04073073574704799,0.033181913023992565,0.1467332752687757,0.007568809055694378,0.0075668574652581685,0
38.15,0.22019278324743255,main,0,0,-0.559492831218074,2.6438700406692144,-0.5901421298530719,2.618028425970614,-2.2298050910044442,4.656707656344615,-1.9652628337377285,2.5812192429474834,0.15,-0.0406495884569302,0.03295082101304117,0.14673401145095447,0.00756853639424916,0.0075671932510563665,0
38.2,0.2207856530206533,main,0,0,-0.5522024111257718,2.6421094229146305,-0.5827918484034226,2.6165583696806847,-2.2283351904582833,4.664062205439182,-1.9578028745694613,2.5804452860961105,0.15,-0.04054890756881569,0.032704424966538664,0.14673476196754523,0.007568198840585503,0.007567394368962195,0
38.25,0.22137848209812186,main,0,0,-0.5449155755711114,2.640334027860189,-0.5754420714916091,2.6150884142983215,-2.2268503819968033,4.671413759277161,-1.950344212932784,2.5796589232094247,0.15,-0.040429664301957026,0.03244276852135688,0.14673552963572964,0.007567800116099113,0.007567475518389578,0
38.300000000000004,0.22197126805171716,main,0,0,-0.5376323438337463,2.6385439062274956,-0.5680928292209932,2.6136185658441984,-2.2253507155365115,4.678762296581134,-1.9428868616404253,2.5788602294618865,0.15,-0.04029279443935847,0.03216590312749083,0.14673631720516406,0.007567343873667437,0.007567449189445151,0
38.35,0.22249554085549217,main,0,0,-0.5303527333245778,2.6367391151496133,-0.5615929993456921,2.612318599869138,-2.2238362474744857,4.686107797686511,-1.9354308335289327,2.5780492764418947,0.15,-0.03993176982425969,0.03194816526903531,0.14673637671429163,0.007566147725283339,0.007567188896612789,0
38.400000000000006,0.22304028264021647,main,0,0,-0.5230767407476999,2.634919793292102,-0.5548393991185187,2.6109678798237037,-2.2223071164978454,4.693450260383473,-1.9279761260807828,2.5772262716651784,0.15,-0.03963161528849423,0.03169620484913057,0.1467367101945635,0.007565161305714847,0.007566783378433201,0
38.45,0.22359936955934376,main,0,0,-0.5158043675868382,2.6330860570490238,-0.547956496806407,2.609386949041922,-2.2207634388500725,4.7007896785702075,-1.9205227421007163,2.5763913661341826,0.15,-0.14949324828967075,0.031600739037586006,0.15181124148450922,0.008379596920653324,0.007729346086877226,0
38.5,0.22416851409297592,main,0,0,-0.5085459040126197,2.631198014003502,-0.5410640940133054,2.6073192282039916,-2.219164945162755,4.708117353367276,-1.9130754551232243,2.575503719428066,0.15,-0.1418102506179612,0.03191871267810202,0.15178944652570422,0.008295712265243211,0.007842619322550422,0
38.550000000000004,0.22474475310336461,main,0,0,-0.5013010099792993,2.6292585526231287,-0.5340857763277239,2.605225732898317,-2.217514535123085,4.715433509919794,-1.9056340682767638,2.5745678979700273,0.15,-0.13440788168928802,0.03218009694999437,0.15177288662691632,0.008218328550418631,0.007917761168124066,0
38.6,0.22532600042831905,main,0,0,-0.4940693133951391,2.627270446862701,-0.5270468074028496,2.603114042220855,-2.215814995267464,4.722738409938217,-1.898198344633566,2.5735880949786107,0.15,-0.12727794828534086,0.03238796755755051,0.15176096656397348,0.008147072945225766,0.007963623523544407,0
38.650000000000006,0.22591078529762346,main,0,0,-0.486850415265121,2.6252363598959216,-0.5199649984274823,2.6009894995282448,-2.2140690025061667,4.730032346411583,-1.8907680194338283,2.572568159967865,0.15,-0.12041272478518114,0.032545223874044224,0.1517531375210452,0.00808158494240883,0.007987215807317292,0
38.7,0.22764400653828157,main,0,0,-0.4796438943939575,2.6231588476977663,-0.4989754988992373,2.5946926496697715,-2.2122791275162412,4.737315638766037,-1.883342809921411,2.571511626155484,0.15,-0.11222736611662179,0.032719901843236074,0.15174830428805855,0.008007612850651647,0.007991295215984164,0
38.75,0.22885726140674223,main,0,0,-0.4724491446049197,2.6210409299767155,-0.4842828492294663,2.59028485476884,-2.210448411684143,4.744588772859542,-1.875922465789597,2.5704214459110046,0.15,-0.10488983059919912,0.03286259918463541,0.1517481576078594,0.007945198100233638,0.007982075792834059,0
38.800000000000004,0.2297065398146647,main,0,0,-0.46526560111097315,2.6188853087505772,-0.4739979944606263,2.587199398338188,-2.2085795773133303,4.75185220580096,-1.868506711554862,2.569300469046833,0.15,-0.09830862968782303,0.032940128380215185,0.15175106337500224,0.007892424638185406,0.00796414556190433,0
38.85,0.23202845436716987,main,0,0,-0.4580927401651003,2.616694403492203,-0.44586344664757427,2.5788181276135926,-2.2066750627561693,4.7591063649046434,-1.8610952582376479,2.5681513999772125,0.15,-0.08458936452744512,0.03311911836321788,0.14647194066969854,0.007792438666391455,0.007929804182801755,0
38.900000000000006,0.2336537945539235,main,0,0,-0.4509292097111906,2.614473180532681,-0.426104412653302,2.573172689329515,-2.204739884089378,4.766352404065978,-1.8536875891196265,2.5669781829308347,0.15,-0.09174736860114766,0.03242217030758178,0.14646611064451326,0.007842894062670459,0.007912422158775497,0
38.95,0.23629221899451144,main,0,0,-0.4437759441639764,2.612219119306574,-0.3940294546612623,2.5640084156175034,-2.2027714856497447,4.773589489638421,-1.846284333266503,2.5657774320102877,0.15,-0.10534740902439091,0.030489619190112623,0.14646622674926899,0.00794898093264762,0.007919733913549921,0
39.0,0.23813911610292302,main,0,0,-0.4366346507714886,2.6099274106247363,-0.3716894690406689,2.5572298230135564,-2.2007649942824226,4.7808161065781,-1.838886693516794,2.564542553014789,0.15,-0.2,0.027683817321509787,0.32,0.009013878188659936,0.008138562768571925,0
39.050000000000004,0.24049308954494722,main,0,0,-0.42951663114556377,2.6075644047836626,-0.3434547062671105,2.5478182354223704,-2.198686338273866,4.788022297610683,-1.831501772230133,2.563233760598162,0.15,-0.2,0.02001722833742056,0.32,0.009013878188659907,0.008313625852589521,0
39.1,0.24289121410929437,main,0,0,-0.4224225970822328,2.6051303380819677,-0.3149940350211602,2.5374970175105798,-2.196535725487944,4.795207342123073,-1.8241303078924944,2.561851185638558,0.15,-0.1576839165829381,0.013822439478187856,0.12,0.008472905993110296,0.008345481880693676,0
39.150000000000006,0.2445699013043374,main,0,0,-0.4153479739619885,2.602640416857008,-0.2960105431405734,2.5280052715702865,-2.1943285318322086,4.80237520764679,-1.81676874019762,2.5604168491808954,0.15,-0.0852625378956369,0.02494998466159331,0.12,0.007797022683707659,0.008235790041296473,0
39.2,0.24641610966121774,main,0,0,-0.408284029947622,2.600120358333502,-0.27483737708743916,2.518279125695813,-2.1920908008057562,4.809533598517178,-1.8094121055483063,2.5589574223630946,0.15,-0.2,0.02298862720781964,0.32,0.009013878188660087,0.008391407670769195,0
39.25,0.247708455511034,main,0,0,-0.40124563929274026,2.5975297875490466,-0.259336319242208,2.513112106414069,-2.189781598949278,4.816669254533694,-1.8020704327526011,2.5574245033956333,0.15,-0.2,-0.01958594890911243,0.32,0.009013878188659903,0.008515901774347337,0
39.300000000000004,0.2492842249262556,main,0,0,-0.39423350583054356,2.5948689635585613,-0.24287121704655057,2.502871217046551,-2.1874011571810357,4.823781462136682,-1.794744455971666,2.5558182455691307,0.15,-0.2,-0.045053910837041425,0.32,0.009013878188659955,0.008615497057209862,0
39.35,0.2503872635169107,main,0,0,-0.38724833076853465,2.592138152442228,-0.23300985193258544,2.4930098519325856,-2.184949713543222,4.8308695101113095,-1.7874349077970744,2.554138809508031,0.15,-0.2,-0.04197707040255391,0.32,0.00901387818865996,0.008695173283499882,0
39.400000000000006,0.2511593905303693,main,0,0,-0.38029081261839875,2.5893376272788826,-0.22610689635280998,2.48610689635281,-2.1824275131781574,4.837932689658685,-1.7801425191775522,2.55238636315454,0.15,-0.15942308200204888,-0.03170613443200705,0.32,0.008493222263775748,0.008654783079555056,0
39.45,0.2525554022654331,main,0,0,-0.37335583868623756,2.5864817322247453,-0.21362629817657777,2.473626298176578,-2.1798490918457065,4.844975540177641,-1.7728680193458843,2.550561081751834,0.15,-0.04077088497860841,-0.0034079079987498068,0.32,0.007568944157788004,0.008437615295201647,0
39.5,0.25353261047997777,main,0,0,-0.36642670102818337,2.58361170586324,-0.20398693744964602,2.465991291633098,-2.1772563187183005,4.852013119840409,-1.7656061156169978,2.5486863139709115,0.15,-0.2,-0.014838467314776352,0.32,0.009013878188659868,0.008552867873893292,0
39.550000000000004,0.25421665623015904,main,0,0,-0.35952660960940463,2.580672532780127,-0.1967908562147522,2.461193904143168,-2.174593300604767,4.859024420327978,-1.7583633223456214,2.5467390221006196,0.15,-0.2,-0.03966670108885688,0.32,0.00901387818865997,0.008645069936846628,0
39.6,0.25469548825528593,main,0,0,-0.35265625443329324,2.5776645068902653,-0.19175359935032643,2.457835732900218,-2.1718603038046984,4.866008740516143,-1.7511403638050467,2.544719400868522,0.15,-0.2,-0.056063939810521546,0.32,0.009013878188659858,0.008718831587209274,0
39.650000000000006,0.25556124340594283,main,0,0,-0.34581632252964145,2.574587928993737,-0.1826459564887139,2.4517639709924763,-2.169057601615497,4.872965381978706,-1.7439379622851086,2.5426276522350593,0.15,-0.2,-0.08732017375764373,0.32,0.009013878188659981,0.008777840907499416,0
39.7,0.25616727201140266,dt,0,1,-0.33900749788593976,2.5714431067457677,-0.17799551121613025,2.4459910224322607,-2.166185474305046,4.879893649057317,-1.7511190865502602,2.544791319096767,0.15,-0.2,-0.0802553497300043,0.32,6.2825418585290045,1.2635306444318004,1
39.75,0.2565914920352245,dt,0,1,-0.3322304613789785,2.568230354625962,-0.17559685785129103,2.4411937157025823,-2.163244209083683,4.886792848931042,-1.7582782154541827,2.5470266878218366,0.15,-0.11176531551607521,-0.060293874382434845,0.32,6.290331254616304,2.2688907664687012,0
39.800000000000004,0.2568884460518998,dt,0,1,-0.32547148431008277,2.5649797809870267,-0.1739178004959038,2.4378356009918076,-2.160234100075479,4.893662291685642,-1.765414633089952,2.5493335348752586,0.15,-0.043363633279483296,-0.04519221309121904,0.32,6.298149322798692,3.0747424777346994,0
39.85,0.2570963138635725,dt,0,1,-0.3187195709568354,2.5617145603099147,-0.1727424603471326,2.4354849206942655,-2.157155448288827,4.900501290382567,-1.7725276258217515,2.5517116295742497,0.15,-0.058754809930874466,-0.03385226107133173,0.32,6.306097273165973,3.7210134368209546,0
39.900000000000006,0.2572418213317434,dt,0,1,-0.31197727909636663,2.5584295183819847,-0.17191972224299304,2.4338394444859865,-2.1540085615863394,4.907309161127646,-1.7796164823562353,2.554160734111322,0.15,-0.07537407093547856,-0.02524249728831081,0.32,6.314047985455489,4.239620346547862,0
39.95,0.25734367655946305,dt,0,1,-0.3052474154365115,2.5551190901438616,-0.17134380557009496,2.4326876111401905,-2.1507937546540643,4.9140852231394785,-1.7866804938136573,2.5566806035780623,0.15,-0.09061122755581566,-0.018572667462200626,0.32,6.321997430717001,4.65609576338169,0
40.0,0.2574149752188668,dt,0,1,-0.2985326188920944,2.5517782059245144,-0.17094066389906643,2.4318813277981333,-2.147511348970016,4.920828798817509,-1.7937189537987586,2.559270985989624,0.15,-0.12889729791128018,-0.013264470972563225,0.32,6.329984477439003,4.990873506193153,0
40.050000000000004,0.25746488428044945,dt,0,1,-0.29183949319941016,2.5483941154319405,-0.1706584647293463,2.4313169294586925,-2.144161672772028,4.927539213809791,-1.8007311584714059,2.5619316223099244,0.15,-0.15378324364233212,-0.008908570022707979,0.32,6.337952516596928,5.260289308273908,0
40.1,0.25749982062355725,dt,0,1,-0.2851725859295373,2.5449586609561954,-0.1704609253105424,2.430921850621085,-2.140745061024928,4.934215797080415,-1.8077164066169755,2.5646622464775493,0.15,-0.16995910836751588,-0.0052291926869920125,0.32,6.345908439067651,5.477413134432656,0
40.150000000000006,0.25752427606373274,dt,0,1,-0.27853511337198966,2.5414666761269324,-0.17032264771737957,2.4306452954347595,-2.137261855387044,4.940857880976619,-1.8146739997164738,2.567462585432357,0.15,-0.1804734204388853,-0.0020353765639609667,0.32,6.353856756689582,5.652701858884042,0
40.2,0.25754139487185557,dt,0,1,-0.27192942114083024,2.5379149399110514,-0.17022585340216587,2.430451706804332,-2.1337124041760367,4.947464801295548,-1.8216032420163888,2.570332359142786,0.15,-0.18730772328527545,0.0008042805907053918,0.32,6.361800408292995,5.794521568765832,0
40.25,0.2575533780375415,dt,0,1,-0.26535728149665866,2.534301495501972,-0.1701580973815162,2.4303161947630327,-2.13009706233407,4.954035897350677,-1.828503440598265,2.573271280633856,0.15,-0.19175002013542902,0.003379808170244969,0.32,6.369741301595317,5.90956551533173,0
40.300000000000004,0.25756176625352173,dt,0,1,-0.25882008727745504,2.5306252077357043,-0.1701106681670612,2.4302213363341227,-2.1264161913923147,4.960570512037875,-1.8353739054479943,2.5762790560158675,0.15,-0.19463751308802885,0.005752687500468978,0.32,6.377680672112036,6.003188546687792,0
40.35,0.2575676380047079,dt,0,1,-0.25231897923336616,2.5268854759005213,-0.17007746771694277,2.430154935433886,-2.122670159434798,4.967067991901119,-1.842213949524817,2.579355384513789,0.15,-0.19651438350721873,0.007964788111974416,0.32,6.3856193186759835,6.07967470108543,0
40.400000000000006,0.2575717482305382,dt,0,1,-0.24585492997424307,2.5230820475555107,-0.17005422740185977,2.4301084548037197,-2.1188593410615937,4.973527687197837,-1.8490228888300257,2.5824999584973334,0.15,-0.1977343492796922,0.010044549627650029,0.32,6.393557757079903,6.142451312284326,0
40.45,0.2575746253886194,dt,0,1,-0.23942879944268688,2.519214897908626,-0.17003795918130168,2.4300759183626037,-2.1149841173513635,4.979948951963884,-1.8558000424753636,2.5857124635117237,0.15,-0.19852732703179993,0.012011238010042093,0.32,6.4014963199282064,6.1942603138131025,0
40.5,0.2575766393992762,dt,0,1,-0.23304137161442692,2.5152841517022715,-0.17002657142691127,2.4300531428538226,-2.111044875823249,4.986331144078132,-1.862544732751114,2.5889925783091354,0.15,-0.19904276257066994,0.013877866203727336,0.32,6.409435221371405,6.237295295324763,0
40.550000000000004,0.257578049206736,dt,0,1,-0.22669337878855544,2.511290032640115,-0.17001859999883792,2.430037199997676,-2.107042010398121,4.992673625326691,-1.8692562851938699,2.592339974880822,0.15,-0.19937779567093544,0.015653193196763317,0.32,6.417374599006539,6.273311156061119,1
40.6,0.25757903607195787,dt,0,1,-0.22038551766113404,2.5072328306489435,-0.17001301999918642,2.430026039998373,-2.103145720532494,4.998712585354142,-1.8759340286539798,2.5957543184899157,0.15,-0.19959556718610805,0.017343089478360392,0.32,6.4253145409693175,6.30371183304276,0
40.650000000000006,0.25757972687761316,dt,0,1,-0.21675834192174018,2.5048483332892477,-0.1700091139994306,2.4300182279988616,-2.099380629662783,5.004422049115085,-1.8825772953626627,2.599235267704901,0.08681527861579215,-0.19973711867097022,0.01895146805859857,0.32,6.436301872471668,6.330229840928542,0
40.7,0.25758021044157187,dt,0,1,-0.2147763414347906,2.5035168338803584,-0.17000637979960137,2.4300127595992027,-2.0956658684935996,5.009934449009949,-1.8891854209987835,2.602782474433757,0.047754441075741116,-0.19982912713613066,0.019840765936925353,0.32,6.446113305916522,6.3534065339261385,0
40.75,0.25758054893634297,dt,0,1,-0.21369345066118864,2.502773543202064,-0.17000446585972082,2.4300089317194415,-2.0919504342107893,5.015330614838922,-1.8957577447552856,2.606395583958767,0.026268867200481473,-0.19988893263848495,0.02030762741171454,0.32,6.455071721921881,6.373739571525288,0
40.800000000000004,0.25758078588268274,dt,0,1,-0.213101871808113,2.5023587280247175,-0.17000312610180462,2.430006252203609,-2.0882059807577456,5.020654161413541,-1.90229360940527,2.61007423497199,0.014450427962706073,-0.1999278062150152,0.02055237932192321,0.32,6.463562072120414,6.391704071644314,0
40.85,0.2575809517451206,dt,0,1,-0.2127787329142478,2.5021272903459084,-0.17000218827126318,2.4300043765425268,-2.0844168548057023,5.025928340727456,-1.9087923613677185,2.613818059611389,0.007949393534126294,-0.19995307403975987,0.02068052466427035,0.32,6.4717956123263845,6.407722379780729,0
40.900000000000006,0.25758106784882706,dt,0,1,-0.2126022444958587,2.5019981973513064,-0.17000153178988425,2.4300030635797683,-2.08057451127597,5.031165273594395,-1.9152533507728502,2.6176266834976207,0.004373244245672401,-0.19996949812584391,0.02074754519570185,0.32,6.479888263942782,6.42215555661314,0
40.95,0.2575811491214216,dt,0,1,-0.21250586254463066,2.501926208269432,-0.17000107225291883,2.430002144505838,-2.0766743879431417,5.036371001098392,-1.921675931527109,2.62149972577147,0.002405984906988394,-0.19998017378179855,0.020782571761226748,0.32,6.487903629525694,6.435305171195651,0
41.0,0.2575812060122378,dt,0,1,-0.212453232910801,2.501886072407514,-0.17000075057704317,2.4300015011540865,-2.0727141578546258,5.041548246961774,-1.9280594613777715,2.6254367991319376,0.001323747070845597,-0.19998711295816907,0.020800874692583196,0.32,6.495876602541398,6.4474194574648,0
41.050000000000004,0.2575812458358091,dt,0,1,-0.2124244971109057,2.5018637002558686,-0.17000052540393018,2.4300010508078604,-2.068692752769023,5.046697927579184,-1.934403301977172,2.629437509874968,0.0007283568808971358,-0.1999916234228099,0.020810445590402023,0.32,6.503826324422009,6.458700830856242,0
41.1,0.25758127371230904,dt,0,1,-0.21240880871969112,2.5018512321648054,-0.17000036778275096,2.4300007355655024,-2.064609817692561,5.051819977300732,-1.9407068189465375,2.6335014579328204,0.00040078867930876225,-0.19999455522482645,0.02081546022920319,0.32,6.511763294640886,6.4693133236131715,0
41.150000000000006,0.257581293225859,dt,0,1,-0.21240024425137216,2.501844284836078,-0.17000025744792566,2.4300005148958514,-2.0604654063041328,5.056913799450993,-1.9469693819394236,2.6376282369140758,0.00022055883027686116,-0.1999964608961372,0.02081809747032803,0.32,6.519693271910932,6.479389313272724,0
41.2,0.257581306885344,dt,0,1,-0.2123955691076354,2.5018404143014945,-0.17000018021354782,2.4300003604270954,-2.0562598109142423,5.06197851284637,-1.95319036470475,2.6418174341442753,0.00012138864349166873,-0.1999976995824892,0.02081949296328498,0.32,6.5276194145104744,6.489035333520274,0
41.25,0.25758131644698345,dt,0,1,-0.21239301717649656,2.5018382581963636,-0.17000012614948323,2.4300002522989663,-2.0519934675245213,5.067013086598514,-1.9593691451494242,2.646068630707187,6.681659037162995e-05,-0.19999850472861797,0.020820238271590352,0.32,6.535543454427938,6.498336957701807,0
41.300000000000004,0.25758132314013105,dt,0,1,-0.21239162424229488,2.5018370572412527,-0.17000008830463853,2.430000176609277,-2.047666902791142,5.072016413905275,-1.9655051054005508,2.6503814014866967,3.678346840023571e-05,-0.19999902807360165,0.02082064160278718,0.32,6.543466341419566,6.507362834445359,0
41.35,0.2575813278253344,dt,0,1,-0.21164082214358734,2.5011765300210898,-0.17000006181324687,2.430000123626494,-2.0432807043579784,5.0769873525270555,-1.971597631867218,2.654755315209321,0.02,-0.2,0.020820863754828056,0.32,6.550470270897362,6.51598432173576,0
41.400000000000006,0.2575813311049767,dt,0,1,-0.21089666274678623,2.5005085279311583,-0.17000004326927282,2.430000086538546,-2.0388687154187912,5.081887858565691,-1.977646115301856,2.6591899344873324,0.02,-0.2,0.020884759577199694,0.32,6.558395688858628,6.524466595160334,1
41.45,0.25758133340072636,dt,0,1,-0.21015922046721106,2.4998331177711113,-0.170000030288491,2.4300000605769823,-2.0344323502887236,5.086717429678904,-1.983649950861162,2.6636848158624984,0.02,-0.2,0.02093865380676146,0.32,6.566321198368238,6.532837515801915,0
41.5,0.2575813350077511,dt,0,1,-0.2094285690484753,2.4991503670814015,-0.1700000212019437,2.4300000424038872,-2.0299730329903145,5.091475591981934,-1.9896085381665831,2.668239509850427,0.02,-0.2,0.020982546869549014,0.32,6.574246799023782,6.541119372446288,0
41.550000000000004,0.2575813361326684,dt,0,1,-0.2087047815551119,2.4984603441365287,-0.17000001484136057,2.4300000296827213,-2.0254921967180564,5.096161900196089,-1.9955212813643541,2.6728535609855153,0.02,-0.2,0.021016438410400223,0.32,6.582172490413731,6.549329996039777,0
41.6,0.25758133692011054,dt,0,1,-0.20798793036526708,2.497763117938213,-0.17000001038895243,2.430000020777905,-2.0209912832893777,5.100775937799854,-2.0013875891850827,2.677526507866495,0.02,-0.2,0.02104032783835513,0.32,6.5900982721174755,6.557483651255318,0
41.650000000000006,0.25758133747132006,dt,0,1,-0.20727808716346244,2.4970587582084924,-0.17000000727226644,2.4300000145445333,-2.0164717425851024,5.105317317178177,-2.0072068750028755,2.682257883202572,0.02,-0.2,0.021054214705188288,0.32,6.598024143705385,6.565591749745332,0
41.7,0.2575813378571667,dt,0,1,-0.20200735543819381,2.4917230870154516,-0.17000000509058663,2.4300000101811734,-2.011935031981618,5.10978567976691,-2.0129785568939997,2.687047213860155,0.15,-0.19871426697012168,0.0210580989680829,0.32,6.600164885766731,6.572506376949612,0
41.75,0.25758133812725936,dt,0,1,-0.196789896697148,2.486335311566764,-0.17000000356341047,2.430000007126821,-2.0076153386992526,5.1139560447304255,-2.0187020576950765,2.69189402091017,0.15,-0.19576116348631295,0.02101218531801909,0.32,6.608115679418651,6.579628237443419,0
41.800000000000004,0.25758133831632424,dt,0,1,-0.1916254229037055,2.4808967262326127,-0.17000000249438718,2.430000004988775,-2.0035208727223823,5.117834568145815,-2.0243768050607946,2.696797819675951,0.15,-0.19171532446319395,0.020891756807069478,0.32,6.616064863946187,6.5869155627439735,0
41.85,0.2575813384486696,dt,0,1,-0.18651331859143735,2.475408886083657,-0.17000000174607113,2.4300000034921423,-1.9996592859073143,5.121427158474587,-2.0300022315211472,2.701758119781707,0.15,-0.18697580753674423,0.02069793301187331,0.32,6.6240128500840925,6.5943350202119975,0
41.900000000000006,0.2575813385413114,dt,0,1,-0.1814527415960382,2.4698734944558103,-0.17000000122224967,2.4300000024444994,-1.9960376672264295,5.124739468504935,-2.0355777745381753,2.706774425201562,0.15,-0.18181905584849412,0.020432249163366507,0.32,6.631959912184547,6.601859998606508,0
41.95,0.2575813386061606,dt,0,1,-0.17644269500679347,2.4642923267308983,-0.17000000085557485,2.4300000017111496,-1.992662551879649,5.1277768882775465,-2.041102876562224,2.7118462343091543,0.15,-0.09547759443508154,0.020096505486654884,0.32,6.639777323456979,6.609443463576603,0
42.0,0.2575813386515551,dt,0,1,-0.1714593492289638,2.4586873053340983,-0.17000000059890244,2.430000001197805,-1.9895421571124412,5.130542573652127,-2.0465769850876954,2.7169730399277987,0.15,-0.036269191588941395,0.019692662476656443,0.32,6.6476226937541405,6.6170793096121105,0
42.050000000000004,0.2575813386833312,dt,0,1,-0.16648617611951,2.453073256062547,-0.17000000041923152,2.4300000008384632,-1.9866828067291054,5.133039672998027,-2.0519995527082977,2.7221543293812065,0.15,0.004026222155217321,0.019253071820744854,0.32,6.655487262616322,6.624760900212953,0
42.1,0.25758133870557454,dt,0,1,-0.16151187294035776,2.4474602080597347,-0.17000000029346196,2.430000000586924,-1.9840896825032903,5.135271363506238,-2.0573700371717885,2.7273895845447496,0.15,0.03114861665192661,0.018799904183812156,0.32,6.663365200615426,6.632481760293448,0
42.150000000000006,0.25758133872114486,dt,0,1,-0.15652883386352595,2.4418549139944097,-0.17000000020542316,2.430000000410846,-1.981767272920874,5.137240921739747,-2.0626879014341966,2.7326782818972744,0.15,0.04910582616853319,0.018348243536944128,0.32,6.6712525629161625,6.640235920817991,0
42.2,0.25760845650623804,dt,0,1,-0.15153204719072916,2.436261871624951,-0.16975756240635498,2.429757562406355,-1.9810012586766583,5.137880954479448,-2.067952613713527,2.738019892573453,0.15,0.05933014606772535,0.017914461868446835,0.32,6.679148795009934,6.64801849565638,0
42.25,0.2578051170452835,dt,0,1,-0.14651869072748924,2.430683676847741,-0.16799938150908914,2.4279993815090894,-1.9804253948510622,5.138354611037398,-2.0731636475429394,2.743413882416669,0.15,-0.029262099201965278,0.01786202377622747,0.32,6.687199079652809,6.655854612455666,1
42.300000000000004,0.2581204864074521,dt,0,1,-0.1415135011117697,2.4250981529769935,-0.16517992219692176,2.425179922196922,-1.9799868076084448,5.138708062260554,-2.0783204818233934,2.7488597120324334,0.15,-0.08902036448127743,0.018484978493639486,0.32,6.695220710432395,6.663727832051013,0
42.35,0.25862986943280936,dt,0,1,-0.13653322226273318,2.4194904063185003,-0.16062594553784537,2.4206259455378456,-1.9796138741386073,5.139002501658311,-2.083422600875758,2.7543568368423226,0.15,-0.12786323691283033,0.01928004919484318,0.32,6.703220529886773,6.671626371618165,0
42.400000000000006,0.25898643755055945,dt,0,1,-0.13168158609819217,2.4139566563688724,-0.15743816187649184,2.417438161876492,-1.9793877615177626,5.139177380722279,-2.08846949449238,2.7599047071384364,0.14718799132821672,-0.15311110399333971,0.02063089458559933,0.32,6.711327354275651,6.679566568149663,0
42.45,0.2592360352329845,dt,0,1,-0.129005538102385,2.4108568154933767,-0.15520671331354435,2.4152067133135446,-1.9793522476047034,5.139204284506246,-2.093460657988103,2.7655027681383686,0.08190298243472395,-0.16952221759567082,0.02282716461303999,0.32,6.722102148486411,6.688073684217013,0
42.5,0.25941075361068205,dt,0,1,-0.12752829173075972,2.409116010716283,-0.153644699319481,2.413644699319481,-1.9794083478365472,5.139162661776549,-2.0983955922507374,2.7711504600406838,0.04566249276784037,-0.18018944143718602,0.02403796888592849,0.32,6.731604282739333,6.696779803921477,0
42.550000000000004,0.2595540317143659,dt,0,1,-0.12665606941404442,2.40806920089615,-0.1523637670790015,2.4123637670790012,-1.9794957424148016,5.139099165763426,-2.1032738037909686,2.7768472180808987,0.02725129405590031,-0.136169570841406,0.02446282958671192,0.32,6.740247407134972,6.705473324564177,0
42.6,0.2596791650211664,dt,0,1,-0.12606540086141077,2.40735040658188,-0.1512450526144928,2.411245052614493,-1.9795867926041912,5.139034394924315,-2.1080948047917083,2.7825924725879565,0.018607037435310364,-0.0916724683743383,0.024422052271715358,0.32,6.7484682657363395,6.71407231279861,0
42.650000000000006,0.25978381383990606,dt,0,1,-0.1255837775885256,2.40675880375699,-0.1503094731895479,2.4103094731895482,-1.9796739586108478,5.138973690734171,-2.1128581131568738,2.788385649041194,0.015257193443127738,-0.04935986017729861,0.024210085848210564,0.32,6.756466080570214,6.722551066352931,0
42.7,0.25987110552575005,dt,0,1,-0.12512145874121824,2.406188042253061,-0.15,2.409334003956822,-1.9789377575786784,5.139475538847885,-2.1175632525595978,2.7942261681277936,0.014690233639295752,-0.010829105686772176,0.024334175234920978,0.32,6.7643515105404965,6.730911155190445,0
42.75,0.25994575269708076,dt,0,1,-0.12468258695795405,2.4056456274023867,-0.15000000000000002,2.4083902154485535,-1.9781507697134861,5.140000557786169,-2.1222097524898613,2.8001134458007133,0.013954530624526777,0.023334160686638548,0.024666143962970666,0.32,6.772250250495219,6.7391789742514,0
42.800000000000004,0.2600108761007374,dt,0,1,-0.11995826835477658,2.3998206112019225,-0.15,2.407566839037969,-1.9773244802505798,5.140539934183315,-2.1267971483015433,2.8060468933370926,0.15,0.05310435954956967,0.024969206199850588,0.32,6.774401394887114,6.746223458378544,0
42.85,0.26089155203041886,dt,0,1,-0.11521849973568275,2.3940081596161065,-0.15,2.3964321663219685,-1.9761473846471653,5.141291627723775,-2.131324981258885,2.8120259173971216,0.15,0.06633455587506726,0.025489117027290686,0.32,6.7822913865203045,6.753437044006896,0
42.900000000000006,0.26167810449441053,dt,0,1,-0.11045947890253292,2.388211460494223,-0.14707744601407557,2.3880516306760504,-1.9755160842552848,5.141703260704455,-2.1357927985823646,2.8180499200833773,0.15,-0.018773944884466355,0.024000490154315723,0.32,6.7903338455521025,6.760816404315937,0
42.95,0.26239894329350233,dt,0,1,-0.10570590151078672,2.3824102966471417,-0.13949430621070244,2.3829962041404684,-1.9748043758240903,5.142177532794359,-2.1402001534939723,2.8241182990006113,0.15,0.033043385051846785,0.024723792157002707,0.32,6.79817727279202,6.768288578011155,0
43.0,0.2629548707579465,dt,0,1,-0.10094274610669479,2.3766169944285043,-0.13364601434749204,2.379097342898328,-1.9741310660133642,5.142636005222766,-2.14454660526189,2.8302304473159885,0.15,0.03963534504796601,0.024647026903287364,0.32,6.806081777915904,6.775847217992105,0
43.050000000000004,0.26334401998305745,dt,0,1,-0.09616811908690642,2.370833143045394,-0.1295522100432439,2.3763681400288292,-1.9735914473961647,5.143008567756552,-2.1488317192445625,2.8363857538197705,0.15,0.024268198517940393,0.024834448739734553,0.32,6.8140196071740915,6.783481695828503,1
43.1,0.2637764910321619,dt,0,1,-0.0913864774011553,2.3650550894986457,-0.12500266522073664,2.373335110147158,-1.973174489879359,5.143297544523448,-2.153055066934163,2.8425836029864366,0.15,-0.05422567096333873,0.025202842676043256,0.32,6.822060364229463,6.791197429508696,0
43.150000000000006,0.2642451651752801,dt,0,1,-0.08662051921278542,2.359264092818737,-0.12007226808621918,2.3700481787241463,-1.9728704242370274,5.143506900407816,-2.1572162259994414,2.8488233750362353,0.15,-0.10524668612617016,0.025614317244720533,0.32,6.830073582390714,6.7989726600851,0
43.2,0.2647393551578997,dt,0,1,-0.08188510103395458,2.3534480963717304,-0.11805161020108691,2.364154830603261,-1.972925593070645,5.143469535005016,-2.1613147803279595,2.8551044459971613,0.15,-0.06335847505905161,0.027858441083692283,0.32,6.837949632583425,6.806768054584766,0
43.25,0.2652517398254225,dt,0,1,-0.07716813121929292,2.3476171276899787,-0.11600300884786838,2.358009026543605,-1.9730281050364287,5.1434015898396845,-2.1653503200676996,2.8614261877673526,0.15,0.01991363184222037,0.030018602269217553,0.32,6.845752186039388,6.814564880875691,0
43.300000000000004,0.26588890776159757,dt,0,1,-0.07244535795556886,2.341790858497824,-0.11345550268889887,2.3503665080666964,-1.9731207796378156,5.143341490035034,-2.1693224416680508,2.8677879681779,0.15,-0.05705613930255675,0.032104670773520146,0.32,6.853791358054679,6.8224101763114895,0
43.35,0.26650869119369136,dt,0,1,-0.06773922510878155,2.335951139872035,-0.11097750274438783,2.3429325082331633,-1.9732081931459036,5.143286035866316,-2.173230747920163,2.874189151056064,0.15,-0.04575322159112729,0.03420294258752373,0.32,6.861706462062555,6.830269433461703,0
43.400000000000006,0.2671126101760771,dt,1,1,-0.0630464638618741,2.3301006704994527,-0.107967678346859,2.3359353566937178,-1.9732081931459036,5.143286035866316,-2.1770748479966677,2.8806290962888914,0.15,-0.09973959403423273,0.037496772521964546,0.32,6.869722849443815,6.838160116658127,0
43.45,0.2675353534637471,dt,1,1,-0.058382937020324946,2.324226871269129,-0.10557737484280141,2.3311547496856027,-1.9732081931459036,5.143286035866316,-2.180854357490761,2.8871071598872255,0.15,-0.09624195135036406,0.040841477687806806,0.32,6.877659115965874,6.8460599165196765,0
43.5,0.2678312737651161,dt,1,1,-0.053747729359547185,2.3183306987867924,-0.10390416238996114,2.327808324779922,-1.9732081931459036,5.143286035866316,-2.1845688984546427,2.8936226940501046,0.15,-0.07778835493960364,0.04414304939995886,0.32,6.885571081496525,6.853962149515047,0
43.550000000000004,0.2680780270449817,dt,1,1,-0.04913548937851318,2.3124165426882985,-0.10250895341396243,2.3250179068279246,-1.9732081931459036,5.143286035866316,-2.188218099437312,2.900175047229542,0.15,-0.05200542526896257,0.04767486428697781,0.32,6.89346778068388,6.861863275748814,0
43.6,0.2694535560239372,dt,1,1,-0.04453864338291513,2.3064904135222446,-0.1,2.3082189293377007,-1.9732081931459036,5.143286035866316,-2.191801595521712,2.90676356419568,0.15,-0.05319411596998413,0.04812634624206064,0.32,6.901401957678632,6.869771012134778,0
43.650000000000006,0.2704164263092061,dt,1,1,-0.0399575753879545,2.300552079073466,-0.1,2.296045046603891,-1.9732081931459036,5.143286035866316,-2.1953190283612196,2.913387586102313,0.15,0.03542382461951031,0.042396162594217426,0.32,6.909194507614064,6.877655711230635,0
43.7,0.27109043550889433,dt,1,1,-0.03536599665826533,2.294621867882533,-0.09778479783736667,2.2888923989186836,-1.9732081931459036,5.143286035866316,-2.198770046215483,2.92004645055277,0.15,-0.04697451399731829,0.04097024303285947,0.12,6.917238784530165,6.885572325890542,0
43.75,0.27156224194867606,dt,1,1,-0.030788359019944582,2.2886808886995844,-0.0924493584861569,2.2862246792430785,-1.9732081931459036,5.143286035866316,-2.2021543039855924,2.9267394916661544,0.15,-0.045382548825023614,0.04895331282319911,0.12,6.925167561334674,6.893491372979368,0
43.800000000000004,0.2718925064565233,dt,1,1,-0.026224213993931312,2.2827295375772327,-0.08871455094030967,2.2843572754701547,-1.9732081931459036,5.143286035866316,-2.205471463248591,2.9334660401439328,0.15,-0.09949865673626535,0.05350663130064367,0.12,6.933184381978744,6.901429974779244,0
43.85,0.2721236916120163,dt,1,1,-0.02168973289898863,2.2767555538812716,-0.08610018565821694,2.283050092829108,-1.9732081931459036,5.143286035866316,-2.208721192291316,2.9402254233368628,0.15,-0.13467412687857247,0.05679151533801286,0.12,6.941182755742809,6.9093805309719585,0
43.900000000000006,0.2723625052239206,dt,1,1,-0.017195581354606256,2.2707511719900086,-0.08339955371443064,2.281699776857215,-1.9732081931459036,5.143286035866316,-2.211903166143572,2.947016965312258,0.15,-0.12288494490245021,0.06004077887097053,0.12,6.949114101822045,6.917327245141976,1
43.95,0.27336552452030893,dt,1,1,-0.012738406815823044,2.264719290431919,-0.08000000000000002,2.2711193168367894,-1.9732081931459036,5.143286035866316,-2.2150170666106255,2.953839986921581,0.15,-0.06264071118263503,0.06140906554615996,0.32,6.956966294032067,6.925255054919995,0
44.0,0.27415993566899355,dt,1,1,-0.008300146175316814,2.2586734784527938,-0.08,2.261075317853253,-1.9732081931459036,5.143286035866316,-2.2180625823050244,2.9606938058683556,0.15,-0.11071646226871276,0.06242057251111702,0.32,6.964977606592964,6.933199565254589,0
44.050000000000004,0.2747160234730728,dt,1,1,-0.0038954219153859394,2.252603189811059,-0.07733662773442106,2.254673255468842,-1.9732081931459036,5.143286035866316,-2.221039408677737,2.9675777367763994,0.15,-0.14196570047466328,0.0663856625961909,0.12,6.97297284796117,6.941154221795906,0
44.1,0.27510528493592823,dt,1,1,-0.0006564793259471102,2.24807218542414,-0.0751356394140949,2.25027127882819,-1.9732081931459036,5.143286035866316,-2.2239472480486073,2.974491091258358,0.11139254885665845,-0.12320596229252903,0.06977851750942601,0.12,6.982453383999927,6.949414054236711,0
44.150000000000006,0.2753777679599271,dt,1,1,0.0012237591574563856,2.2454073440238163,-0.07359494758986627,2.2471898951797327,-1.9732081931459036,5.143286035866316,-2.226785809636121,2.9814331779845444,0.06522783590876104,-0.10118894272376663,0.07208626960315404,0.12,6.992214706271061,6.957974184643581,0
44.2,0.2755685060767262,dt,1,1,0.0023899674131017843,2.2437366089818345,-0.07251646331290648,2.245032926625813,-1.9732081931459036,5.143286035866316,-2.2295548095864848,2.988403302752071,0.04074995595600627,-0.07962449897367295,0.07329530534175907,0.12,7.001091575247906,6.966597662764446,0
44.25,0.27570202275848565,dt,1,1,0.003189829382313789,2.2425809335336764,-0.07176152431903456,2.2435230486380693,-1.9732081931459036,5.143286035866316,-2.2322539710020113,2.995400768554269,0.028109535117231188,-0.060295270558326355,0.07393083526308897,0.12,7.009491778932793,6.975176485998116,0
44.300000000000004,0.2757954844357173,dt,1,1,0.0038091065394559327,2.2416803852401017,-0.07123306702332405,2.2424661340466483,-1.9732081931459036,5.143286035866316,-2.2348830239688082,3.00242487565039,0.02185855829114353,-0.043868322495695417,0.0743134104606308,0.12,7.017638738083084,6.98366893641511,0
44.35,0.2758609076097794,dt,1,1,0.004345576740460473,2.240896577433401,-0.07086314691632693,2.241726293832654,-1.9732081931459036,5.143286035866316,-2.2374417055837696,3.0094749216355776,0.018996367593948297,-0.03040310755793433,0.07461387035419279,0.12,7.025654168483961,6.992065982828881,0
44.400000000000006,0.27590670383162286,dt,1,1,0.004849455580533791,2.2401579807020955,-0.07060420284142888,2.241208405682858,-1.9732081931459036,5.143286035866316,-2.2399297599808663,3.0165502015111083,0.017882047052489095,-0.01965712271457619,0.0749136044700439,0.12,7.03360379843847,7.000373545950799,0
44.45,0.2759387611869133,dt,1,1,0.005345471894054606,2.2394293718215206,-0.0704229419890002,2.2408458839780008,-1.9732081931459036,5.143286035866316,-2.242346938356732,3.0236500077548905,0.017628421190017014,-0.011262907719023925,0.07524574809818636,0.12,7.041522625135515,7.008603361787743,0
44.5,0.2759747411633379,dt,1,1,0.005845525525249308,2.2386939424773504,-0.07021950158856781,2.2404390031771357,-1.9732081931459036,5.143286035866316,-2.244692998995543,3.030773630392216,0.017786623674405536,-0.004427051914590615,0.07555138252905451,0.12004294517928259,7.049427347558544,7.016768158941903,0
44.550000000000004,0.2760173773657287,dt,1,1,0.006268608388810248,2.238071417803958,-0.07,2.2399517570748855,-1.9732081931459036,5.143286035866316,-2.246967707293191,3.037920357066758,0.01505371819081809,-0.07287758374448389,0.07584437304599621,0.32,7.057565595464658,7.024927646246455,0
44.6,0.27606199393172637,dt,1,1,0.006596058538286994,2.2375858103874577,-0.07,2.2393876552942498,-1.9732081931459036,5.143286035866316,-2.2491708357807414,3.045089473111805,0.011713891980927513,-0.11737042943391451,0.07624873352554101,0.32,7.065691418497062,7.033080400696577,0
44.650000000000006,0.2761047479886226,dt,1,1,0.006836585118648463,2.2372245547227734,-0.07,2.2388471018230165,-1.9732081931459036,5.143286035866316,-2.251302164147182,3.0522802616217253,0.008680062007314589,-0.1462907791320444,0.07655137893529604,0.32,7.073780417537436,7.041220404064749,0
44.7,0.2761432476789958,dt,1,1,0.007007355788385458,2.236963955896684,-0.07,2.238360337693869,-1.9732081931459036,5.143286035866316,-2.253361479261452,3.0594920035236615,0.006231352013865491,-0.16508900643582886,0.07676590444255998,0.32,7.0818296335708295,7.0493422499659655,0
44.75,0.27617638093398644,dt,1,1,0.007125770594790826,2.236779957728348,-0.07,2.2379414231557253,-1.9732081931459036,5.143286035866316,-2.2553485751937554,3.0667239776494326,0.004376180632785015,-0.17730785418328876,0.07691271540580014,0.32,7.089844328286229,7.057442665630019,1
44.800000000000004,0.2762039401088626,dt,1,1,0.007206482964604975,2.2366520658970863,-0.07,2.2375929835285855,-1.9732081931459036,5.143286035866316,-2.2572632532361556,3.073975460807653,0.003024619456690259,-0.1852501052191377,0.0770107640393841,0.32,7.0978318762897095,7.065520507761957,0
44.85,0.27622626614019913,dt,1,1,0.0072607908358942215,2.2365642206368412,-0.07,2.237310708240252,-1.9732081931459036,5.143286035866316,-2.2591053219224437,3.081245727856049,0.0020655396032523404,-0.1904125683924395,0.07707507147353027,0.32,7.105799231944519,7.07357625259847,0
44.900000000000006,0.27624397874866646,dt,1,1,0.007296969320101533,2.2365044352446812,-0.07,2.2370867619603736,-1.9732081931459036,5.143286035866316,-2.2608745970472865,3.0885340517739754,0.0013975944812818523,-0.19376816945508568,0.0771166451870587,0.32,7.113752090564378,7.081611420191652,0
44.95,0.2762577961584291,dt,1,1,0.007320881351471489,2.236464041914494,-0.06999999999999999,2.236912063946831,-1.9732081931459036,5.143286035866316,-2.2625709016846454,3.095839703735113,0.0009388091111285562,-0.1959493101458057,0.07714319139318347,0.32,7.121694790481358,7.089628094249594,0
45.0,0.27626842679553315,dt,1,1,0.007336586196588422,2.2364369096142944,-0.07,2.2367776573383087,-1.9732081931459036,5.143286035866316,-2.2641940662054703,3.1031619531803543,0.0006269940587505898,-0.1973670515947737,0.07715994921265343,0.32,7.1296304949821465,7.097628574396105,0
45.050000000000004,0.27627651203493264,dt,1,1,0.007346847636267505,2.236418771032086,-0.07,2.236675433022292,-1.9732081931459036,5.143286035866316,-2.265743928294662,3.110500067890856,0.00041679986027386704,-0.1982885835366029,0.07717040871480255,0.32,7.1375614447151925,7.105615148459923,0
45.1,0.2762826020935926,dt,1,1,0.007353523824995936,2.2364066920138734,-0.07,2.2365984344264245,-1.9732081931459036,5.143286035866316,-2.267220332967303,3.117853314061263,0.0002760247647742974,-0.19888757929879186,0.07717685968317271,0.32,7.145489194769402,7.1135899577218185,0
45.150000000000006,0.2762871517448008,dt,1,1,0.007357851917853759,2.236398674025202,-0.07,2.236540911703857,-1.9732081931459036,5.143286035866316,-2.2686231325841564,3.1252209563730853,0.00018223120492267742,-0.1992769265442147,0.07718078605485469,0.32,7.1534148083989635,7.121554927857248,0
45.2,0.276290526750952,dt,1,1,0.0073606492871637124,2.236393365915097,-0.07,2.236498240401461,-1.9732081931459036,5.143286035866316,-2.2699521868664294,3.1326022580682316,0.00012000217989017863,-0.19953000225373957,0.07718313930022877,0.32,7.161339004385984,7.129511743162995,0
45.25,0.2762930152057438,dt,1,1,0.007818020081453474,2.2355040898294347,-0.07,2.2364667780567538,-1.9732081931459036,5.143286035866316,-2.2712073629098013,3.1399964810226835,0.02,-0.2,0.07718452344659361,0.32,7.1685519435364276,7.137319783237682,0
45.300000000000004,0.27631585780831003,dt,1,1,0.00826647539474941,2.2346102845754916,-0.07,2.236177971590056,-1.9732081931459036,5.143286035866316,-2.272388535197714,3.1474028858203074,0.02,-0.2,0.077567364700443,0.32,7.176480443399254,7.145151915269997,0
45.35,0.2763530557821241,dt,1,1,0.008705970381893902,2.2337120395330476,-0.07,2.2357076654874835,-1.9732081931459036,5.143286035866316,-2.2734955856139227,3.1548207318267956,0.02,-0.2,0.07792002513334853,0.32,7.184409013929567,7.1530033350019115,0
45.400000000000006,0.27753082199504664,dt,1,1,0.008763256102311224,2.2335919305415937,-0.07,2.220816783524127,-1.9732081931459036,5.143286035866316,-2.2745284034543087,3.162249277263729,0.0026614149313342506,-0.1173812132211702,0.07790475130863742,0.32,7.192806382517393,7.160963944505008,0
45.45,0.278358383624352,dt,1,1,0.011952150675787874,2.2268036353653913,-0.07,2.210353652213194,-1.9732081931459036,5.143286035866316,-2.275486885437948,3.169687779282754,0.15,-0.017973022362377078,0.0785831525338723,0.32,7.195503058142735,7.167871767232554,0
45.5,0.2791136688309126,dt,1,1,0.015134943653401563,2.220012477226925,-0.06489916296637152,2.2023487444495573,-1.9732081931459036,5.143286035866316,-2.2763709357174418,3.1771354940398675,0.15,-0.05642765250261275,0.07993420320997074,0.12,7.203490270380739,7.174995467862191,0
45.550000000000004,0.27975099753094773,dt,1,1,0.018298563533033243,2.2132123662530367,-0.0604294140764601,2.1956441211146904,-1.9732081931459036,5.143286035866316,-2.277180465888498,3.1845916767698004,0.15,-0.10667797412669829,0.07939542988590545,0.12,7.2115068004085225,7.182297734371457,1
45.6,0.2801971276209723,dt,1,1,0.021425867478388375,2.206395477664145,-0.05730058985352189,2.1909508847802828,-1.9732081931459036,5.143286035866316,-2.2779153949987747,3.192055581860493,0.15,-0.057350984116286835,0.07859343723839546,0.12,7.219379154623316,7.18971401842183,0
45.650000000000006,0.28050941868398954,dt,1,1,0.024533610829425227,2.1995696494166657,-0.05511041289746525,2.187665619346198,-1.9732081931459036,5.143286035866316,-2.278575649555973,3.1995264629276563,0.15,-0.01392055066229412,0.07845439233979046,0.12,7.227247637001258,7.1972207421377155,0
45.7,0.2807280224281016,dt,1,1,0.0276366024636693,2.1927416597478238,-0.053577289028225755,2.185365933542339,-1.9732081931459036,5.143286035866316,-2.279161163535188,3.207003572889409,0.15,0.022134253523937015,0.07915078193847781,0.12,7.2351160225955,7.204799798229272,0
45.75,0.28088104504898,dt,1,1,0.030747148818798274,2.1859171083799613,-0.0525041023197582,2.1837561534796373,-1.9732081931459036,5.143286035866316,-2.2796718783855088,3.214486164040986,0.15,0.050801533579680515,0.0805756534099785,0.12,7.242986259595184,7.212437090502456,0
45.800000000000004,0.2809881608835949,dt,1,1,0.033875020004459674,2.1791004800458134,-0.051752871623830465,2.1826293074357457,-1.9732081931459036,5.143286035866316,-2.2801077430358765,3.221973488129508,0.15,-0.004191197227184522,0.08256180420203077,0.12,7.250980563450295,7.220145785092024,0
45.85,0.2810844857178433,dt,1,1,0.03700146262976213,2.1722831963850955,-0.05107732096852686,2.1816159814527905,-1.9732081931459036,5.143286035866316,-2.280468713900189,3.2294647964288052,0.15,-0.052227324663487514,0.0848379359578676,0.12,7.258979167371324,7.227912461547884,0
45.900000000000006,0.281313673157921,dt,1,1,0.04011009219097891,2.1654577716912664,-0.05,2.1790444765185715,-1.9732081931459036,5.143286035866316,-2.280754754881661,3.23695933981429,0.15,-0.10394776103126688,0.08700146262976213,0.32,7.266996977839174,7.235729364806143,0
45.95,0.2816360575919749,dt,1,1,0.04318320554478963,2.158616282502893,-0.05,2.174968465081286,-1.9732081931459036,5.143286035866316,-2.2809658373764328,3.24445636883787,0.15,-0.13756604467032346,0.09011009219097892,0.32,7.275000474036675,7.2435835866522496,0
46.0,0.2820240611003248,dt,1,1,0.04620918874348339,2.151753817517101,-0.05,2.1700628103080275,-1.9732081931459036,5.143286035866316,-2.2811019402764305,3.2519551338028903,0.15,-0.15941792903571023,0.09318320554478964,0.32,7.282994771320983,7.251465823585997,0
46.050000000000004,0.28245849567207393,dt,1,1,0.04918037639589854,2.1448674509908305,-0.05,2.164570112472296,-1.9732081931459036,5.143286035866316,-2.2811630499714775,3.2594548848391027,0.15,-0.17362165387321166,0.09620918874348339,0.32,7.2909832535542165,7.259369309579641,0
46.1,0.28292599912237626,dt,1,1,0.0520916717264747,2.1379555511435986,-0.05,2.158659314030694,-1.9732081931459036,5.143286035866316,-2.2811491603506555,3.2669548719776538,0.15,-0.16426177630243505,0.0989617157508054,0.32,7.298938503298486,7.267283148323411,0
46.150000000000006,0.284373877505818,dt,1,1,0.05494610145802453,2.1310199739572613,-0.05,2.1403533158889863,-1.9732081931459036,5.143286035866316,-2.281060272802915,3.2744543452260797,0.15,-0.11338911234439206,0.09891641334005619,0.32,7.306825454402263,7.275191609539181,0
46.2,0.28538739237422717,dt,1,1,0.05776116457872845,2.1240683252588264,-0.05,2.1275391171897913,-1.9732081931459036,5.143286035866316,-2.2808963962169364,3.281952554643305,0.15,-0.046511240748723454,0.09882710044519309,0.32,7.314673104102552,7.283087908451856,0
46.25,0.2860968527821136,dt,1,1,0.06056005361143038,2.1171101487604456,-0.04936011699373956,2.1187202339874793,-1.9732081931459036,5.143286035866316,-2.2806575469802417,3.289448750414637,0.15,-0.060885680585928095,0.09940508632809228,0.12,7.3226306165643855,7.2909964500743625,0
46.300000000000004,0.2865934750676341,dt,1,1,0.06333774704169093,2.110143483905044,-0.04655208189561777,2.1131041637912356,-1.9732081931459036,5.143286035866316,-2.2803437489775558,3.2969421829267445,0.15,-0.10957569238085325,0.10337233551313084,0.12,7.3306467389666246,7.298926507852816,0
46.35,0.2869411106674985,dt,1,1,0.0660772301176284,2.1031617053009453,-0.04458645732693234,2.1091729146538647,-1.9732081931459036,5.143286035866316,-2.2799550335884176,3.3044321028426213,0.15,-0.1412242000475546,0.10570566001191471,0.12,7.338649963038629,7.306871198889979,0
46.400000000000006,0.2871844555874036,dt,1,1,0.06876734550236831,2.0961607568497147,-0.04321052012885246,2.106421040257705,-1.9732081931459036,5.143286035866316,-2.2794914396840418,3.311917761176517,0.15,-0.16179573003091047,0.1076213495191928,0.12,7.346644912143831,7.31482594154075,1
46.45,0.2874458943390471,dt,1,1,0.07140073730023921,2.089138275262775,-0.041732275571512975,2.103464551143026,-1.9732081931459036,5.143286035866316,-2.2789530136234326,3.3193984093688367,0.15,-0.1751672245200918,0.10958258837107467,0.12,7.354634640438481,7.322787681320296,0
46.5,0.287795530444132,dt,1,1,0.0739120989830427,2.0822585288477122,-0.04,2.0994529227405447,-1.9732081931459036,5.143286035866316,-2.2783398092487475,3.326873299360995,0.1464757293716875,-0.18385869593805967,0.11140073730023922,0.32,7.362730482893977,7.330776241635032,0
46.550000000000004,0.2882035178859018,dt,1,0,0.07526572375784601,2.0784417769702843,-0.039999999999999994,2.0942946045860014,-1.9732081931459036,5.143286035866316,-2.2790277306175826,3.3194049150517686,0.08099356746016499,-0.18950815235973878,0.11391209898304269,0.32,0.006232634459565439,5.86586752019994,0
46.6,0.2885796727326013,dt,1,0,0.07599479574419685,2.0763225158915626,-0.04,2.0895387563024546,-1.9732081931459036,5.143286035866316,-2.279745530188714,3.311939343153,0.04482326842641918,-0.19318029903383022,0.11526572375784602,0.32,0.005324185941561063,4.693758853348264,0
46.650000000000006,0.28889326681209143,dt,1,0,0.07638731968972438,2.0751446674778693,-0.04,2.085573884181945,-1.9732081931459036,5.143286035866316,-2.2804916924173813,3.3044765526609314,0.024830641823784957,-0.19556719437198966,0.11599479574419685,0.32,0.005044351457822431,3.7560159529701758,0
46.7,0.28914073057704315,dt,1,0,0.07659862073933116,2.0744893193838227,-0.04,2.0824451191743636,-1.9732081931459036,5.143286035866316,-2.2812647774378463,3.297016503093326,0.013771408903022368,-0.19711867634179325,0.11638731968972438,0.32,0.004975840342057497,3.0058079304445524,0
46.75,0.28932950526876877,dt,1,0,0.07671237820987456,2.074124219746794,-0.04,2.080058379241334,-1.9732081931459036,5.143286035866316,-2.282063417005914,3.289559145998462,0.007648228737765597,-0.1981271396221656,0.11659862073933117,0.32,0.00496791864530316,2.4056399280847027,0
46.800000000000004,0.28947031061303236,dt,1,0,0.07677364125779756,2.073920514948305,-0.04000000000000001,2.078278131397379,-1.9732081931459036,5.143286035866316,-2.2828863110673003,3.2821044263280963,0.004254353345373379,-0.19878264075440766,0.11671237820987457,0.12,0.004974116526759148,1.9255067657731142,0
46.85,0.2895737078480113,dt,1,0,0.07680665198972397,2.073806660537269,-0.04,2.0769708464672156,-1.9732081931459036,5.143286035866316,-2.2836346180300695,3.2746418505871424,0.0023708678018568518,-0.19920871649036498,0.11677364125779757,0.12,0.004981628547866768,1.5414017383280647,0
46.900000000000006,0.2896487874424362,dt,1,0,0.0768244532343461,2.0737428958952093,-0.04,2.0760215906928767,-1.9732081931459036,5.143286035866316,-2.2843082630641494,3.267172165026956,0.001324056477207474,-0.19948566571873722,0.11680665198972398,0.12,0.004987581035022473,1.2341189068694562,0
46.95,0.28970285616174585,dt,1,0,0.07683406250331,2.073707100377704,-0.04000000000000001,2.075337982258269,-1.9732081931459036,5.143286035866316,-2.2849071788055975,3.259696116609868,0.0007412576133820372,-0.19966568271717916,0.1168244532343461,0.12,0.00499177966174856,0.9882934814279148,0
47.0,0.289741553618936,dt,1,0,0.07683925632843162,2.0736869516597602,-0.04,2.0748487176988193,-1.9732081931459036,5.143286035866316,-2.285431305363339,3.25221445293449,0.00041614740377486035,-0.19978269376616647,0.11683406250331,0.12,0.004994610685723801,0.7916337072794767,0
47.050000000000004,0.28976911992641674,dt,1,0,0.07684206796532563,2.073675575358172,-0.04,2.074500187891836,-1.9732081931459036,5.143286035866316,-2.285880590325155,3.244727922160955,0.00023437196065573918,-0.1998587509480082,0.11683925632843162,0.12,0.004996482515940572,0.6343062623267695,0
47.1,0.28978868627778537,dt,1,0,0.07684359281879685,2.0736691297106877,-0.039999999999999994,2.0742528041364805,-1.9732081931459036,5.143286035866316,-2.286254988762924,3.2372372729361016,0.00013247120381534324,-0.1999081881162053,0.11684206796532562,0.12,0.004997709092073204,0.5084445516798303,0
47.150000000000006,0.2898025356656409,dt,1,0,0.07684442155651544,2.073665463391021,-0.039999999999999994,2.0740777018134904,-1.9732081931459036,5.143286035866316,-2.2865544632371138,3.22974325431861,7.517634230266333e-05,-0.19994032227553343,0.11684359281879685,0.12,0.004998509470180294,0.40775534323790025,0
47.2,0.2898123172313305,dt,1,0,0.07684487304434788,2.0736633688671158,-0.039999999999999994,2.0739540302915005,-1.9732081931459036,5.143286035866316,-2.2867789838005264,3.222246615704097,4.2852638910807075e-05,-0.19996120947909674,0.11684442155651543,0.12,0.004999030696153766,0.32720408072955093,0
47.25,0.289819214026038,dt,1,0,0.0770458055657276,2.072683763782476,-0.039999999999999994,2.0738668318689375,-1.9732081931459036,5.143286035866316,-2.286928528001293,3.2147481067501773,0.02,-0.2,0.11684487304434787,0.12,0.005099019513592694,0.2627830684863593,0
47.300000000000004,0.2898472857870332,dt,1,0,0.07723693215298527,2.071702198385957,-0.039999999999999994,2.0735119114484863,-1.9732081931459036,5.143286035866316,-2.2870030808851176,3.207248477301497,0.02,-0.2,0.11704580556572759,0.12,0.005099019513592675,0.21124625869180597,0
47.35,0.2898902265385806,dt,1,0,0.07741823369362145,2.070718770833281,-0.04,2.072968997535951,-1.9732081931459036,5.143286035866316,-2.2870026349967745,3.1997484773147513,0.02,-0.2,0.11723693215298528,0.12,0.005099019513592639,0.1700168108561633,0
47.400000000000006,0.2899436197686327,dt,1,0,0.07758969205763315,2.069733579466383,-0.04,2.072293929532111,-1.9732081931459036,5.143286035866316,-2.286927190380852,3.192248856783689,0.02,-0.2,0.11741823369362145,0.12,0.005099019513592652,0.13703325258764917,0
47.45,0.29000437158530534,dt,1,0,0.07775129009932685,2.068746722803579,-0.04000000000000001,2.0715258245200925,-1.9732081931459036,5.143286035866316,-2.2867767545817483,3.184750365664114,0.02,-0.2,0.11758969205763316,0.12,0.005099019513592661,0.11064640597283788,0
47.5,0.29007031392664356,dt,1,0,0.07790301165903304,2.067758299529713,-0.04000000000000001,2.0706920940135785,-1.9732081931459036,5.143286035866316,-2.2865513426429187,3.177253753798889,0.02,-0.2,0.11775129009932686,0.12,0.0050990195135926794,0.08953692868098885,0
47.550000000000004,0.29013992680769146,dt,1,0,0.07804484156472219,2.0667684084862885,-0.04,2.0698119556776,-1.9732081931459036,5.143286035866316,-2.286250977105369,3.1697597708429535,0.02,-0.2,0.11790301165903305,0.12,0.0050990195135926656,0.07264934684750962,0
47.6,0.29021214389367517,dt,1,0,0.07817676563352192,2.065777148661585,-0.04,2.06889889153013,-1.9732081931459036,5.143286035866316,-2.2858756880054023,3.162269166188358,0.02,-0.2,0.1180448415647222,0.12,0.005099019513592668,0.05913928138072623,0
47.650000000000006,0.2902862164014656,dt,1,0,0.07829877067313529,2.064784619180759,-0.04,2.067962368680234,-1.9732081931459036,5.143286035866316,-2.2854255128716163,3.154782688889326,0.02,-0.2,0.11817676563352192,0.12,0.005099019513592651,0.04833122900729952,0
47.7,0.2903616178308374,dt,1,0,0.07841084448316,2.0637909192959314,-0.04,2.067009043841803,-1.9732081931459036,5.143286035866316,-2.284900496721149,3.1473010875873486,0.02,-0.2,0.1182987706731353,0.12,0.005099019513592679,0.039684787108558155,0
47.75,0.29043797727658494,dt,1,0,0.07851297585630845,2.0627961483762625,-0.04,2.066043606490198,-1.9732081931459036,5.143286035866316,-2.284300692055178,3.1398251104363215,0.02,-0.2,0.11841084448316,0.12,0.005099019513592696,0.03276763358956506,0
47.800000000000004,0.29051503274723933,dt,1,0,0.07860515457952844,2.0618004058980155,-0.04,2.0650693690689206,-1.9732081931459036,5.143286035866316,-2.28362615885367,3.13235550502773,0.02,-0.2,0.11851297585630846,0.12,0.005099019513592667,0.027233910774370585,0
47.85,0.2905925984884063,dt,1,0,0.07868737143502445,2.0608037914346085,-0.04,2.064088680131299,-1.9732081931459036,5.143286035866316,-2.2828769645693834,3.12489301831589,0.02,-0.2,0.11860515457952844,0.12,0.005099019513592657,0.022806932522215002,0
47.900000000000006,0.29067054210933835,dt,1,0,0.07875961820117945,2.059806404646657,-0.04,2.063103213536689,-1.9732081931459036,5.143286035866316,-2.282053184121122,3.1174383965432537,0.02,-0.2,0.11868737143502445,0.12,0.0050990195135926595,0.019265349920490536,0
47.95,0.29074876857295806,dt,1,0,0.07882188765337704,2.058808345272009,-0.04,2.0621141708698243,-1.9732081931459036,5.143286035866316,-2.2811548998862436,3.1099923851657865,0.02,-0.2,0.11875961820117945,0.12,0.0050990195135926395,0.016432083839110958,0
48.0,0.2908272089843654,dt,1,0,0.07887417356472387,2.05780971311577,-0.04,2.061122423191373,-1.9732081931459036,5.143286035866316,-2.280182201692424,3.1025557287784213,0.02,-0.2,0.11882188765337703,0.12,0.005099019513592666,0.0141654709740073,0
48.050000000000004,0.2909058127501478,dt,1,0,0.07891647070667239,2.056810608040324,-0.04,2.0601286101703353,-1.9732081931459036,5.143286035866316,-2.2791351868086718,3.0951291710405995,0.02,-0.2,0.11887417356472388,0.12,0.005099019513592641,0.012352180681924368,0
48.1,0.2909845420853885,dt,1,0,0.07894877484954366,2.055811129955345,-0.04,2.0591332095337243,-1.9732081931459036,5.143286035866316,-2.2780139599356026,3.0877134546019063,0.02,-0.2,0.11891647070667238,0.12,0.005099019513592656,0.010901548448258027,0
48.150000000000006,0.2910633681699955,dt,1,0,0.0789710827629503,2.054811378807809,-0.04000000000000001,2.058136585663352,-1.9732081931459036,5.143286035866316,-2.27681863319497,3.0803093210278054,0.02,-0.2,0.11894877484954366,0.12,0.005099019513592675,0.009741042661324957,0
48.2,0.2911422684583692,dt,1,0,0.07898339221611957,2.053811454571998,-0.04,2.0571390236105804,-1.9732081931459036,5.143286035866316,-2.2755493261184507,3.0729175107254845,0.02,-0.2,0.11897108276295029,0.12,0.005099019513592672,0.008812638031778501,0
48.25,0.2912212247964068,dt,1,0,0.0789857019781164,2.0528114572395015,-0.04,2.056140752903647,-1.9732081931459036,5.143286035866316,-2.2742061656356958,3.0655387628698136,0.02,-0.2,0.11898339221611956,0.12,0.005099019513592707,0.008069914328141343,0
48.300000000000004,0.29130022210364237,dt,1,0,0.07892802577699226,2.045311679012392,-0.04,2.055141964209795,-1.9732081931459036,5.143286035866316,-2.272789286061634,3.05817381532943,0.15,-0.1875353848290816,0.11898570197811639,0.12,0.008844826191162431,0.008224896700745561,0
48.35,0.2915334744607721,dt,1,0,0.07880002945212379,2.0378127712958762,-0.04,2.0521928786615904,-1.9732081931459036,5.143286035866316,-2.2712988290830416,3.0508234045929497,0.15,-0.178109449053596,0.11892802577699227,0.12,0.008722204990789875,0.008324358358754424,0
48.400000000000006,0.2918746846985963,dt,1,0,0.07860525776936325,2.0303153007896593,-0.04,2.047878846453517,-1.9732081931459036,5.143286035866316,-2.269734943744375,3.0434882656953213,0.15,-0.1677306542719032,0.11880002945212378,0.12,0.008592641196922482,0.008378014926388037,0
48.45,0.29229143134968927,dt,1,0,0.078347615891493,2.0228197273851247,-0.04,2.0426097827616227,-1.9732081931459036,5.143286035866316,-2.2680977864328637,3.036169132144322,0.15,-0.1569245709429517,0.11860525776936326,0.12,0.008464090358893681,0.008395230012889165,0
48.5,0.292761008475767,dt,1,0,0.07803117056564203,2.0153264062018477,-0.04,2.0366727661615585,-1.9732081931459036,5.143286035866316,-2.266387520862876,3.028866735847207,0.15,-0.14605203878548628,0.11834761589149301,0.12,0.008341582509984288,0.00838450051230819,0
48.550000000000004,0.2932675134949634,dt,1,0,0.07766001342200296,2.0078355956732916,-0.04,2.0302688581771506,-1.9732081931459036,5.143286035866316,-2.264608524789229,3.0215807786026203,0.15,-0.13535698963380216,0.11803117056564202,0.12,0.008228058498315646,0.008353212109509681,0
48.6,0.29379980846550713,dt,1,0,0.07723816848739538,2.0003474686143305,-0.04,2.023538879435116,-1.9732081931459036,5.143286035866316,-2.262765309579992,3.0143108021451317,0.15,-0.12500036849787452,0.11766001342200297,0.12,0.008125003543253179,0.00830757039625838,0
48.650000000000006,0.29435009272880486,dt,1,0,0.07676953116457676,1.992862124329686,-0.04,2.0165814562036193,-1.9732081931459036,5.143286035866316,-2.2608621034669096,3.0070562996472945,0.15,-0.11508425437943008,0.11723816848739538,0.12,0.008032916095901503,0.008252639536187005,0
48.7,0.2949129034689669,dt,1,0,0.07625782957465854,1.9853796005921442,-0.04,2.0094656566438185,-1.9732081931459036,5.143286035866316,-2.2589028640732303,2.999816729149105,0.15,-0.10566906644858912,0.11676953116457675,0.12,0.007951648870050433,0.008192441402959692,0
48.75,0.29548441581600376,dt,1,0,0.07570660174579529,1.9778998848301192,-0.04,2.0022398398331895,-1.9732081931459036,5.143286035866316,-2.256891292122881,2.992591524772164,0.15,-0.09678587760661098,0.11625782957465855,0.12,0.007880652975169579,0.008130083717401669,0
48.800000000000004,0.2960619526603954,dt,1,0,0.07511918397002276,1.9704229241938243,-0.04,1.9949378533396351,-1.9732081931459036,5.143286035866316,-2.2548308456640807,2.985380106021986,0.15,-0.13291082044429714,0.11693377852168317,0.32,0.008203097211997634,0.008144686416320861,0
48.85,0.2966436412794941,dt,1,0,0.07448209108243423,1.962950032340426,-0.04,1.9875833746057507,-1.9732081931459036,5.143286035866316,-2.2528426152123493,2.978148443718559,0.15,-0.152521051597776,0.11120802029506927,0.32,0.008413629982820053,0.0081984751296207,0
48.900000000000006,0.29706085843098534,dt,1,0,0.07378802860653799,1.955482216242024,-0.04,1.9823083622240254,-1.9732081931459036,5.143286035866316,-2.2509267995890756,2.9708972610220865,0.15,-0.16913868353855438,0.10208711082179434,0.32,0.00860987421035999,0.008280754945768559,0
48.95,0.2973529104370292,dt,1,0,0.07303083687368675,1.9480205367608547,-0.04,1.978615853556818,-1.9732081931459036,5.143286035866316,-2.249083590374225,2.963627283044796,0.15,-0.17994014430006033,0.09515959222337318,0.32,0.00874565804880934,0.008373735566376715,0
49.0,0.2975573468412599,dt,1,0,0.07220654390806051,1.940565971642297,-0.04,1.9760310974897728,-1.9732081931459036,5.143286035866316,-2.247313171887183,2.9563392367784265,0.15,-0.18696109379503922,0.09166296291164602,0.32,0.008837224203371102,0.008466433293775593,0
49.050000000000004,0.2977004523242214,dt,1,0,0.07131260229056262,1.9331194376576497,-0.04,1.9742217682428416,-1.9732081931459036,5.143286035866316,-2.245615721168323,2.9490338510215315,0.15,-0.19152471096677548,0.09108204470655132,0.32,0.008898093718281416,0.008552765378676757,0
49.1,0.2978006261622944,dt,1,0,0.07034739298833209,1.9256818055745948,-0.04,1.9729552377699895,-1.9732081931459036,5.143286035866316,-2.243991407961303,2.941711856306599,0.15,-0.19449106212840406,0.09262673653253958,0.32,0.008938217567272484,0.008629855816395903,0
49.150000000000006,0.29787074784894557,dt,1,0,0.06930990281596791,1.9182539112469776,-0.04,1.9720686664389924,-1.9732081931459036,5.143286035866316,-2.242440394696089,2.934373984826999,0.15,-0.19641919038346262,0.09564044394569235,0.32,0.008964530744512379,0.008696790802019199,0
49.2,0.29791983302960134,dt,1,0,0.06832747934173963,1.9116913620907308,-0.04,1.971448066507295,-1.9732081931459036,5.143286035866316,-2.2409628364727157,2.927020970363764,0.13271353708024322,-0.19767247374925068,0.09964671755615481,0.32,0.008273675822130903,0.00861216780604154,0
49.25,0.29795419265606043,dt,1,0,0.06775104562710453,1.9080846372698153,-0.04,1.9710136465551062,-1.9732081931459036,5.143286035866316,-2.239558881045774,2.9196535482122132,0.07304995485604722,-0.19848710793701296,0.10362272724925728,0.32,0.006161489046644863,0.008122032054162204,0
49.300000000000004,0.29797824439458176,dt,1,0,0.0674140225786131,1.9061023386529354,-0.04,1.970709552588575,-1.9732081931459036,5.143286035866316,-2.2382286688096364,2.9122724551084223,0.040214884516546326,-0.1990166201590584,0.10564237876317982,0.32,0.005366362993584009,0.0075708982420465655,0
49.35,0.2979950806115467,dt,1,0,0.06721782022292752,1.9050139728738946,-0.04,1.970496686812002,-1.9732081931459036,5.143286035866316,-2.2369723327844184,2.9048784291555507,0.02211818648410048,-0.19936080310338794,0.10662660766664506,0.32,0.005105241577744597,0.007077766909186173,0
49.400000000000006,0.2980068659634222,dt,1,0,0.06710394750661659,1.9044164770805434,-0.04,1.9703476807684013,-1.9732081931459036,5.143286035866316,-2.2357899986026752,2.897472209750032,0.012165002566255264,-0.19958452201720217,0.10707533979341126,0.32,0.005026550170008739,0.006667523561350686,0
49.45,0.298015115709735,dt,1,0,0.06703804128546288,1.904088495745499,-0.04,1.970243376537881,-1.9732081931459036,5.143286035866316,-2.23468178449684,2.890054537507635,0.006690751411440396,-0.19972993931118138,0.10725652958973612,0.32,0.005004442606015566,0.006334907370283662,0
49.5,0.29802089053215397,dt,1,0,0.0669999932397523,1.9039084769950307,-0.04,1.9701703635765166,-1.9732081931459036,5.143286035866316,-2.2336478012874,2.8826261541894023,0.0036799132762922178,-0.19982446055226788,0.10731012335425238,0.32,0.004998998779873977,0.006067725652201726,0
49.550000000000004,0.29802493290784726,dt,1,0,0.06697807864142957,1.9038096807011635,-0.04,1.970119254503562,-1.9732081931459036,5.143286035866316,-2.2326881523718143,2.8751878026274755,0.0020239523019607198,-0.1998858993589741,0.10730740141786196,0.32,0.004998172059252469,0.005853814933611875,0
49.6,0.2980277625708326,dt,1,0,0.06696548315373542,1.9037554659128355,-0.04,1.9700834781524932,-1.9732081931459036,5.143286035866316,-2.2318029337141745,2.8677402266508127,0.0011131737660783959,-0.19992583458333318,0.10728343428810055,0.32,0.004998455758855472,0.005682743098660595,0
49.650000000000006,0.29802974333492227,dt,1,0,0.06695825791582187,1.9037257185173837,-0.04,1.9700584347067454,-1.9732081931459036,5.143286035866316,-2.230992233835609,2.8602841710108047,0.0006122455713431178,-0.19995179247916656,0.10725457862464158,0.32,0.004998888544853649,0.0055459721878992055,0
49.7,0.2980311298697851,dt,1,0,0.06695412066505223,1.9037093979961055,-0.04,1.9700409042947216,-1.9732081931459036,5.143286035866316,-2.23025613380543,2.8528203813068025,0.0003367350642387148,-0.19996866511145828,0.10722777366582677,0.32,0.004999244979774094,0.005436626746274183,0
49.75,0.29803210044418904,dt,1,0,0.06695175554355857,1.9037004449090076,-0.04,1.970028633006305,-1.9732081931459036,5.143286035866316,-2.2295947072330273,2.8453496039115564,0.00018520428533129314,-0.19997963232244786,0.10720540013392954,0.32,0.004999499384083898,0.005349201273836127,0
49.800000000000004,0.2980327798462718,dt,1,0,0.06695040555562025,1.9036955339638881,-0.04,1.9700200431044135,-1.9732081931459036,5.143286035866316,-2.2290080202605065,2.8378725858965805,0.00010186235693221124,-0.19998676100959112,0.1071877670137002,0.32,0.004999671619395837,0.005279295342948069,0
49.85,0.29803325542772974,dt,1,0,0.06694963609141348,1.9036928405034228,-0.04,1.9700140301730895,-1.9732081931459036,5.143286035866316,-2.228496131556076,2.8303900749574455,5.602429631271619e-05,-0.19999139465623422,0.10717434751470366,0.32,0.00499978565111999,0.005223393404582454,0
49.900000000000006,0.2980335883347503,dt,1,0,0.06694919809410974,1.9036913634060306,-0.04,1.9700098211211625,-1.9732081931459036,5.143286035866316,-2.2280590923081802,2.8229028193390096,3.0813362971993903e-05,-0.19999440652655226,0.10716436653319947,0.32,0.004999860400536251,0.005178686803773213,0
49.95,0.29803382136966466,dt,1,0,0.06665533486317443,1.902735515927871,-0.04,1.9700068747848143,-1.9732081931459036,5.143286035866316,-2.2276969462203793,2.8154115677605955,0.02,-0.2,0.10715705944784633,0.32,0.005099019513592678,0.0051627533457371064,0
50.0,0.29803398449410473,dt,1,0,0.06635192800980375,1.9017826548250192,-0.04,1.97000481234937,-1.9732081931459036,5.143286035866316,-2.2274097295069804,2.8079170693411184,0.02,-0.2,0.10787457403752654,0.32,0.005099019513592696,0.005150006579308225,0
50.050000000000004,0.2980340986812128,dt,1,0,0.06603900787443019,1.9008328753827919,-0.04,1.9700033686445593,-1.9732081931459036,5.143286035866316,-2.2271974708894153,2.8004200735241747,0.02,-0.2,0.10858697889636504,0.32,0.00509901951359266,0.0051398091661651124,0
50.1,0.2980341786121884,dt,1,0,0.06571660574880653,1.8998862725783414,-0.04,1.9700023580511916,-1.9732081931459036,5.143286035866316,-2.227060191593369,2.792921330003099,0.02,-0.2,0.10929364512772483,0.32,0.005099019513592695,0.005131651235650629,0
50.150000000000006,0.29803423456387135,dt,1,0,0.06538475387287665,1.8989429410711596,-0.04,1.9700016506358342,-1.9732081931459036,5.143286035866316,-2.2269979053466566,2.785421588645994,0.02,-0.2,0.10999411415462995,0.32,0.005099019513592695,0.005125124891239043,0
50.2,0.2980342737300494,dt,1,0,0.06504348543155161,1.898002975193611,-0.04,1.970001155445084,-1.9732081931459036,5.143286035866316,-2.227010618377851,2.777921599420746,0.02,-0.2,0.1106880461334805,0.32,0.0050990195135926985,0.005119903815709774,0
50.25,0.2995139912379606,dt,1,0,0.06469283455139116,1.8970664689415,-0.05673240286894861,1.9616337985655257,-1.9732081931459036,5.143286035866316,-2.22709832941566,2.7704221123200274,0.02,-0.2,0.1303266748304862,0.12,0.005099019513592699,0.00511572695528636,0
50.300000000000004,0.30054979349349836,dt,1,0,0.0643328362971911,1.8961335159646717,-0.06,1.9505572992578402,-1.9732081931459036,5.143286035866316,-2.2271110424468543,2.7629221230947794,0.02,-0.2,0.12469283455139116,0.32,0.005099019513592664,0.00511238546694762,0
50.35,0.30127485507237484,dt,1,0,0.06396352666847685,1.895204209557646,-0.06,1.941390109480488,-1.9732081931459036,5.143286035866316,-2.227048756200142,2.7554223817376746,0.02,-0.2,0.1243328362971911,0.32,0.005099019513592689,0.005109712276276634,0
50.400000000000006,0.30178239817758834,dt,1,0,0.06112414612417693,1.888262457752471,-0.06,1.9349730766363415,-1.9732081931459036,5.143286035866316,-2.2269114769040956,2.747923638216599,0.15,-0.15594351910475698,0.12770706327903286,0.32,0.008452750334609196,0.005778319887943147,0
50.45,0.3021376783512378,dt,1,0,0.05823072637903931,1.8813430558868147,-0.06,1.9304811536454394,-1.9732081931459036,5.143286035866316,-2.2268491906573833,2.740423896859494,0.15,-0.15598588616891015,0.12742498051329446,0.32,0.008453238901594846,0.006313303690673486,0
50.5,0.30238637447279243,dt,1,0,0.05528342873088893,1.8744464308735775,-0.06,1.9273368075518071,-1.9732081931459036,5.143286035866316,-2.2268619036885777,2.732923907634246,0.15,-0.1713908260097916,0.12649186838865512,0.32,0.008637665166305056,0.0067781759857998,0
50.550000000000004,0.30256046175788065,dt,1,0,0.052277139112959524,1.8675753157724364,-0.06,1.9251357652862655,-1.9732081931459036,5.143286035866316,-2.2269496147263865,2.7254244205335274,0.15,-0.18140403690636453,0.12564332507776205,0.32,0.00876453880011396,0.007175448548662633,0
50.6,0.3039822663563044,dt,1,0,0.04920865160939928,1.8607317505874985,-0.06574247904153534,1.9085150419169294,-1.9732081931459036,5.143286035866316,-2.227112314999779,2.7179261854997985,0.15,-0.10351382624063213,0.1237462623839899,0.12,0.007933911087185129,0.007327141056367133,0
50.650000000000006,0.3051399132378,dt,1,0,0.04742899899371075,1.8568170389416219,-0.07,1.8948835995778022,-1.9732081931459036,5.143286035866316,-2.227200026037588,2.71042669839908,0.08600495498025328,-0.13728398705641087,0.11920865160939928,0.32,0.005501948644953458,0.0069621025740843985,0
50.7,0.3060431540741611,dt,1,0,0.04634523507168325,1.8544758671863897,-0.07,1.883463631394676,-1.9732081931459036,5.143286035866316,-2.2272127390687824,2.702926709173832,0.05159701319334322,-0.073675194123134,0.11742899899371076,0.32,0.0031698818305043192,0.006203658425368383,0
50.75,0.3067309738283563,dt,1,0,0.04561285235787332,1.852908924517058,-0.07,1.8747673021406976,-1.9732081931459036,5.143286035866316,-2.22715045282207,2.695426967816727,0.034593026860684384,-0.048119596497214145,0.11808519431768656,0.32,0.0021068646130848385,0.005384299662911675,0
50.800000000000004,0.30724962796843325,dt,1,0,0.042420804611655656,1.8461221114810398,-0.07,1.8682097888626361,-1.9732081931459036,5.143286035866316,-2.2271631658532645,2.687926978591479,0.15,-0.0845454962221335,0.11311594039561923,0.32,0.007792141110256818,0.005865867952380704,0
50.85,0.3076817086360453,dt,1,0,0.03920009574775838,1.8393488527074497,-0.07,1.8627468522038453,-1.9732081931459036,5.143286035866316,-2.2272508768910733,2.6804274914907604,0.15,-0.12495457254438677,0.10354295769101962,0.32,0.008124563265175805,0.006317607014939724,0
50.900000000000006,0.3079841651033738,dt,1,0,0.03593713253497788,1.832595848111565,-0.07,1.8589227965426915,-1.9732081931459036,5.143286035866316,-2.227413577164466,2.6729292564570315,0.15,-0.06859067504373839,0.09585712083080508,0.32,0.007693531402376121,0.0065927918924270044,0
50.95,0.3081958846305037,dt,1,0,0.032651028899387854,1.8258540736495883,-0.07,1.8562459575798846,-1.9732081931459036,5.143286035866316,-2.22765125040355,2.6654330233075476,0.15,-0.02793848586780474,0.091120393119315,0.32,0.007532453077873417,0.006780724129516288,0
51.0,0.3083440882994946,dt,1,0,0.029747449695553128,1.819918154837567,-0.07,1.8543721703059193,-1.9732081931459036,5.143286035866316,-2.2279638728412006,2.6579395416593763,0.13216036370387452,0.0011159020453232332,0.08894878312033326,0.32,0.006608077073491957,0.006746194718311421,0
51.050000000000004,0.30844783086778826,dt,1,0,0.02800683552015413,1.8163592351770521,-0.07,1.8530605192141438,-1.9732081931459036,5.143286035866316,-2.2283514132154334,2.6504495608544385,0.07923546392266351,0.021640473193142065,0.08830300896567972,0.32,0.003998542316596537,0.006196664237968445,0
51.1,0.30852045066559386,dt,1,0,0.02692057359695185,1.8141321241597168,-0.07,1.8521423634499006,-1.9732081931459036,5.143286035866316,-2.2288138327725346,2.6429638298845726,0.049558000158745105,0.035914643028991305,0.0877590559701254,0.32,0.0026355553379265122,0.005484442457960058,0
51.150000000000006,0.30857128452405774,dt,1,0,0.026203137278320587,1.8126544700745084,-0.07,1.8514996544149303,-1.9732081931459036,5.143286035866316,-2.2293510852709337,2.6354830973166377,0.03285225390638565,0.04562600733526419,0.08732332601585199,0.32,0.0019998148183450557,0.004787516930037057,0
51.2,0.30860686822498246,dt,1,0,0.025694246563624925,1.8116002285394746,-0.07,1.8510497580904515,-1.9732081931459036,5.143286035866316,-2.2299631169858287,2.6280081112176563,0.023412774066257344,0.05201994289457784,0.08701018697558977,0.32,0.0017497689877283107,0.0041799673415753085,0
51.25,0.30863177681562975,dt,1,0,0.02530374055196041,1.8107858342739491,-0.07,1.8507348306633165,-1.9732081931459036,5.143286035866316,-2.230649866714558,2.6205396190800094,0.018063587294518745,0.05601271645744616,0.08681848972161516,0.32,0.0016663202627213312,0.0036772379258045136,0
51.300000000000004,0.30864921282908286,dt,1,0,0.0249806963998449,1.8101072626126193,-0.07,1.850514381464322,-1.9732081931459036,5.143286035866316,-2.2314112657827208,2.613078367746687,0.015030861901781064,0.05827655098516077,0.08673536922871797,0.32,0.0016393336361093629,0.0032696570678654837,0
51.35,0.30866141803850006,dt,1,0,0.024696183842779947,1.809505114069545,-0.07,1.8503600670250253,-1.9732081931459036,5.143286035866316,-2.232247238051045,2.6056251033366054,0.013319613553766728,0.05930329613417512,0.08674307653555216,0.32,0.001625294079786876,0.002940784470249762,0
51.400000000000006,0.3086699616850921,dt,1,0,0.02443364300484758,1.8089451745372722,-0.07,1.8502520469175177,-1.9732081931459036,5.143286035866316,-2.2331576999230007,2.5981805711699937,0.012368669635559732,0.059451881493504305,0.08682362204198665,0.32,0.0016098257218043913,0.002674592720560688,0
51.45,0.3086759422377065,dt,1,0,0.02418351013161602,1.8084075463094769,-0.07,1.8501764328422627,-1.9732081931459036,5.143286035866316,-2.234142560353159,2.590745515693865,0.011859351847271063,0.05898354921942639,0.0869610830192194,0.32,0.0015893465605929962,0.00245754348856715,0
51.5,0.3086801286245366,dt,1,0,0.0239402074162539,1.8078805404427247,-0.07,1.8501235029895842,-1.9732081931459036,5.143286035866316,-2.2352017208562973,2.5833206804075712,0.011609158365596069,0.05808792481321509,0.08714238716636302,0.32,0.001563908813065781,0.002278816553466876,0
51.550000000000004,0.3086830590953177,dt,1,0,0.0237004491716631,1.8073572234906374,-0.07,1.8500864520927087,-1.9732081931459036,5.143286035866316,-2.2363350755172484,2.5759068077884537,0.011512508817650698,0.05690225002376106,0.08735728964456746,0.32,0.0015346044879041118,0.0021299741403543234,0
51.6,0.3086851104248644,dt,1,0,0.0234622825239264,1.8068334502480596,-0.07,1.8500605164648962,-1.9732081931459036,5.143286035866316,-2.237542511001491,2.568504639217596,0.011507593349342773,0.055525532559117304,0.08759800144243834,0.32,0.0015026608867167142,0.002004511489626802,0
51.650000000000006,0.30868654635554715,dt,1,0,0.023224539517368983,1.8063067327192865,-0.07,1.8500423615254271,-1.9732081931459036,5.143286035866316,-2.238823906566482,2.561114914905687,0.011557734938713309,0.054028930287552956,0.08785871919142232,0.32,0.0014691515952393842,0.0018974395107493184,0
51.7,0.30868755150702504,dt,1,0,0.022986520920171356,1.8057755826686328,-0.07,1.8500296530677995,-1.9732081931459036,5.143286035866316,-2.2401791340737334,2.5537383738189994,0.011640845827025348,0.05246335478120685,0.08813517583979977,0.32,0.0014349304776653808,0.0018049377041325309,0
51.75,0.3086882551130596,dt,1,0,0.022747811475827117,1.8052391244962809,-0.07,1.8500207571474596,-1.9732081931459036,5.143286035866316,-2.2416080580016238,2.546375753605495,0.011743416359854937,0.0508650272542569,0.08842425884856628,0.32,0.0014006432247320347,0.0017240788082524318,0
51.800000000000004,0.30868874763728377,dt,1,0,0.022508170417081003,1.8046968639064869,-0.07,1.8500145300032216,-1.9732081931459036,5.143286035866316,-2.2431105354589507,2.53902779052106,0.011857055018523681,0.04925953053236829,0.08872370593233227,0.32,0.001366761766713119,0.0016526153999445693,0
51.85,0.3086890924042407,dt,1,0,0.02226746556086228,1.804148547399579,-0.07,1.8500101710022552,-1.9732081931459036,5.143286035866316,-2.244686416199221,2.531695219355879,0.011976473931085432,0.04766475890741595,0.08903187206086359,0.32,0.001333621233941205,0.0015888165667438964,0
51.900000000000006,0.3086893337411105,dt,1,0,0.02202563297542092,1.8035940754300592,-0.07,1.850007119701579,-1.9732081931459036,5.143286035866316,-2.2463355426356735,2.524378773360958,0.012098300118022497,0.046093062060548654,0.08934755571465608,0.32,0.0013014525138044099,0.0015313437561559993,0
51.95,0.3086895026769194,dt,1,0,0.02178265188039231,1.8030334477648882,-0.07,1.8500049837911052,-1.9732081931459036,5.143286035866316,-2.248057749857039,2.5170791841747997,0.012220363194216217,0.044552800779366464,0.0896698717179587,0.32,0.0012704086851481413,0.0014791567419544277,0
52.0,0.30868962093198565,dt,1,0,0.02153852877221681,1.8024667284916256,-0.07,1.8500034886537735,-1.9732081931459036,5.143286035866316,-2.2496434228220394,2.5106468000024975,0.012341261307219003,0.043049474139614886,0.0899981594106652,0.32,0.001240585584086627,0.0014314425103808676,0
52.050000000000004,0.308689703710532,dt,1,0,0.02129328723516903,1.8018940232354714,-0.07,1.8500024420576415,-1.9732081931459036,5.143286035866316,-2.2509328870497587,2.5056323229222577,0.012460091844285943,0.04158653499281006,0.09033191699891485,0.32,0.0012120373982937506,0.0013875614879634442,0
52.1,0.3086897616555144,dt,1,0,0.02104696131923174,1.801315464103201,-0.07,1.8500017094403494,-1.9732081931459036,5.143286035866316,-2.2519143441386955,2.5019679462287843,0.012576281269052185,0.04016597909096024,0.09067075497395662,0.32,0.0011847882929476338,0.0013470068489602823,0
52.150000000000006,0.30868980221700215,dt,1,0,0.020799591194665634,1.800731199607087,-0.07,1.8500011966082446,-1.9732081931459036,5.143286035866316,-2.2525779586429078,2.499585846960092,0.012689475638451873,0.038788770053734274,0.09101436325002062,0.32,0.0011588409754462394,0.0013093736742574738,0
52.2,0.30868983061004357,dt,1,0,0.02055122028342281,1.800141387854194,-0.07,1.850000837625771,-1.9732081931459036,5.143286035866316,-2.2529156712891125,2.498418867745745,0.01279946894839027,0.03745514544898459,0.09136248808207195,0.32,0.0011341829498718696,0.001274335529380353,0
52.25,0.30868985048517256,dt,1,0,0.020301893362432242,1.799546191910665,-0.07,1.85000058633804,-1.9732081931459036,5.143286035866316,-2.252921016885628,2.4984010645047787,0.012906155503851782,0.036164836882168025,0.09171491590655417,0.32,0.001110791054348288,0.0012416266343739401,0
52.300000000000004,0.30868986439776286,dt,1,0,0.020051655314283996,1.7989457766348393,-0.07,1.8500004104366279,-1.9732081931459036,5.143286035866316,-2.252588950851644,2.4994681336118094,0.013009497825602977,0.03491722796342596,0.09207146205618516,0.32,0.001088634736535563,0.0012110282548062647,0
52.35,0.30868987413657606,dt,1,0,0.019800550313362614,1.7983403065139711,-0.07,1.8500002873056394,-1.9732081931459036,5.143286035866316,-2.2519156869419237,2.5015577334942263,0.013109504777097315,0.033711467448139805,0.09243196289163033,0.32,0.001067678410006401,0.001182358285846292,0
52.400000000000006,0.3086898809537453,dt,1,0,0.019548621306922725,1.797729944193229,-0.07,1.8500002011139478,-1.9732081931459036,5.143286035866316,-2.2508985476526187,2.504609715793031,0.013206216519010057,0.03254655006822217,0.09279627032033533,0.32,0.0010478831460172425,0.0011554632578804822,0
52.45,0.3086898857257637,dt,1,0,0.019295909696766315,1.7971148494857923,-0.07,1.850000140779764,-1.9732081931459036,5.143286035866316,-2.2495358279531845,2.5085662805835,0.0132996940870764,0.031421374102460826,0.0931642479785365,0.32,0.0010292078876878794,0.0011302121838419616,0
52.5,0.30868988906617667,dt,1,0,0.01904245515750456,1.7964951787191115,-0.07,1.8500000985458347,-1.9732081931459036,5.143286035866316,-2.2478266723680367,2.513372069011495,0.013390012136680951,0.030334782219442656,0.09353576856941265,0.32,0.0010116103228215998,0.0011064918116378893,0
52.550000000000004,0.30868989140446573,dt,1,0,0.018788295547598068,1.7958710843169088,-0.07,1.8500000689820841,-1.9732081931459036,5.143286035866316,-2.245770964994119,2.5189742052897457,0.013477253877084244,0.029285590305804413,0.09391071200340032,0.32,0.0009950475138873005,0.0010842029520877715,0
52.6,0.30868989304126804,dt,1,0,0.018533466883011076,1.7952427145467922,-0.07,1.8500000482874595,-1.9732081931459036,5.143286035866316,-2.2433692317510707,2.5253222984849653,0.013561507531121043,0.028272607675833412,0.09428896409417724,0.32,0.0009794763559098087,0.001063257632852179,0
52.650000000000006,0.3086898941870297,dt,1,0,0.01827800335262112,1.794610213384215,-0.07,1.8500000338012215,-1.9732081931459036,5.143286035866316,-2.240645267201022,2.5323101463031477,0.013642863863878314,0.027294651107274116,0.09467041563904863,0.32,0.0009648539127443684,0.0010435768888306168,0
52.7,0.30868989498906285,main,0,0,0.01802340325479082,1.7939773641713643,-0.07,1.8500000236608547,-1.9736685392390874,5.143000412999593,-2.2378515615345194,2.539270405540342,0.013642863863878314,0.027294651107274116,0.09505496176496678,0.32,0.0009648539127444348,0.0010278322936133804,0
52.75,0.30868989555048604,main,0,0,0.01802600441034849,1.7939838553286058,-0.07,1.8500000165625985,-1.9741671586686895,5.142697906678069,-2.234988394119801,2.5462023801764246,-0.00013985868949595217,-0.0964946760346622,0.09544028283822542,0.32,0.002412377036354304,0.001304741242161565,0
52.800000000000004,0.3086898959434823,main,0,0,0.01823563493234187,1.7944997631287116,-0.07,1.8500000115938189,-1.974646126124414,5.142413836281304,-2.2320560512712233,2.553105377019709,-0.01113742903835918,-0.2,0.09543631478741119,0.32,0.005030915007626362,0.0020499759952545245,0
52.85,0.3086898962185797,main,0,0,0.01841888601455693,1.7949381289727786,-0.07,1.8500000081156731,-1.9750571879884233,5.142175563923833,-2.229054826220627,2.5599787057762633,-0.009502538026813667,-0.2,0.09512332878387333,0.32,0.005022523824968527,0.002644485561197325,0
52.900000000000006,0.3086898964111478,main,0,0,0.018575824448525777,1.7953032468316281,-0.07,1.8500000056809713,-1.975402994462293,5.141979710393006,-2.2259850190880166,2.5668216791189393,-0.00794835134873946,-0.2,0.09486023092340977,0.32,0.005015769205506408,0.0031187422900591415,0
52.95,0.30868989654594553,main,0,0,0.018706559104416234,1.7955992083268744,-0.07,1.85000000397668,-1.9756861068763467,5.141823083071227,-2.2228469368515467,2.573633612756105,-0.0064710047726492664,-0.2,0.09464348486650598,0.32,0.0050104575396782,0.0034970853399829537,0
53.0,0.30868989664030394,main,0,0,0.018811236971871276,1.795829911859676,-0.07,1.8500000027836756,-1.9759090000577884,5.141702666271531,-2.219640893316826,2.5804138255000737,-0.005066816593566732,-0.2,0.09446974615031316,0.32,0.0050064140436025745,0.003798951080706878,0
53.050000000000004,0.3086898967063548,main,0,0,0.018890039482087354,1.7959990713624068,-0.07,1.850000001948573,-1.9760740646947432,5.141615612043561,-2.216367209085536,2.587161639335221,-0.0037322793561277365,-0.2,0.09433585234774382,0.32,0.005003481265377075,0.004039857117640918,0
53.1,0.3086898967525904,main,0,0,0.018943179093652694,1.7961102246851142,-0.07,1.8500000013640014,-1.9761836096894712,5.141559231429905,-2.2130262115233723,2.593876379485786,-0.002464051904178692,-0.2,0.09423881371032419,0.32,0.00500151765761805,0.004232189225636345,0
53.150000000000006,0.30868989678495534,main,0,0,0.018970896125621087,1.796166741628718,-0.07,1.8500000009548008,-1.9762398644948171,5.141530986153292,-2.209618234727307,2.6005573744833503,-0.001258951750536877,-0.2,0.09417580427129996,0.32,0.005000396224178078,0.004385830625344691,0
53.2,0.3086898968076108,main,0,0,0.01897345582221474,1.7961718316369002,-0.07,1.850000000668361,-1.976244981428702,5.141528480715692,-2.206143619492179,2.607203956233981,-0.0001139477598661471,-0.2,0.09414415338703935,0.32,0.005000003246021834,0.0045086651494801195,0
53.25,0.3086898968234696,main,0,0,0.018951145634429845,1.7961285511585927,-0.07,1.8500000004678525,-1.9762010379621235,5.141549454890923,-2.202602713276617,2.613815460085042,0.0009738468630159066,-0.2,0.09414133769605003,0.32,0.005000237088806935,0.004606979537345483,0
53.300000000000004,0.30868989683457077,main,0,0,0.018904272704660014,1.7960398106928632,-0.07,1.8500000003274968,-1.97611003897675,5.141591776592969,-2.1989958701682917,2.6203912248916574,0.0020071812875878644,-0.2,0.09416497347610212,0.32,0.005001007092756621,0.004685785048427711,0
53.35,0.3086898968423416,main,0,0,0.018833161541254372,1.7959083815278492,-0.07,1.8500000002292478,-1.975973918988732,5.141653435102837,-2.195323450848508,2.626930593082827,0.002988673483483255,-0.2,0.09421280938083243,0.32,0.005002232543872399,0.004749074547516649,0
53.400000000000006,0.30868989684778114,main,0,0,0.01873815187069028,1.7957369021852077,-0.07,1.850000000160474,-1.9757945443358562,5.1417325346373435,-2.1915858225561378,2.6334329107271808,0.003920816366699824,-0.2,0.09428271953815501,0.32,0.005003841724360633,0.004800027982885446,0
53.45,0.3086898968515889,main,0,0,0.01861959665576512,1.7955278845813234,-0.07,1.8500000001123316,-1.9755737153256068,5.1418272882438805,-2.1877833590508953,2.639897527598373,0.004805983675356661,-0.2,0.09437269699353937,0.32,0.0050057710392824,0.004841176594164837,0
53.5,0.30868989685425424,main,0,0,0.01847786026889902,1.795283719916276,-0.07,1.8500000000786323,-1.9753131683421017,5.1419360120058,-2.183916440575963,2.646323797240103,0.00564643558431358,-0.2,0.09448084748200633,0.32,0.005007964215828468,0.004874534118497563,0
53.550000000000004,0.30868989685612,main,0,0,0.018313316810290928,1.7950066843013013,-0.07,1.8500000000550427,-1.9750145779102253,5.142057119543662,-2.179985453819965,2.6527110770307627,0.006444324068052789,-0.2,0.09460538351333099,0.32,0.005010371571224447,0.00490170160904294,0
53.6,0.3086898968574261,main,0,0,0.018126348561286792,1.7946989441351944,-0.07,1.8500000000385297,-1.974679558715601,5.142189116798196,-2.1759907918783017,2.6590587282476954,0.007201698021192906,-0.2,0.09474461875566945,0.32,0.0050129493450433065,0.004923951156243013,0
53.650000000000006,0.3086898968583403,main,0,0,0.01791734456390071,1.7943625612398175,-0.07,1.850000000026971,-1.974309667579333,5.1423305970814015,-2.1719328542138383,2.6653661161310693,0.007920508145958618,-0.2,0.09489696270340882,0.32,0.005015659091607444,0.004942292743315899,0
53.7,0.30868989685898024,main,0,0,0.017686699317979976,1.7939994977645608,-0.07,1.85000000001888,-1.9739064053866997,5.142480236382803,-2.1678120466169597,2.671632609947352,0.00860261161581338,-0.2,0.09506091561566397,0.32,0.005018467128170738,0.004957527620286868,0
53.75,0.3086898968594282,main,0,0,0.017434811588024537,1.793611620869307,-0.07,1.8500000000132162,-1.97347121896921,5.142636788918415,-2.1636287811649915,2.6778575830523836,0.009249776524302426,-0.2,0.09523506371244397,0.32,0.005021344034655744,0.004970290903160643,0
53.800000000000004,0.3086898968597418,main,0,0,0.017162083312161267,1.7932007071951335,-0.07,1.8500000000092514,-1.9730055029396378,5.142799082910533,-2.159383476180993,2.6840404129540416,0.009863686127977018,-0.2,0.09541807461605879,0.32,0.005024264200863347,0.004981085562701185,0
53.85,0.3086898968599613,main,0,0,0.016868918606235652,1.7927684471316765,-0.07,1.8500000000064762,-1.9725106014798237,5.1429660165869855,-2.1550765561919247,2.690180481374488,0.010445942892057589,-0.2,0.09560869302588201,0.32,0.00502720541725313,0.004990309533611574,0
53.900000000000006,0.30868989686011494,main,0,0,0.01655572285641926,1.792316448889771,-0.07,1.8500000000045338,-1.9719878100811998,5.1431365543889935,-2.1507084518861963,2.6962771743119975,0.010998072347258468,-0.2,0.0958057366151219,0.32,0.005030148505599781,0.004998277328009216,0
53.95,0.3086898968602225,main,0,0,0.016222901894141883,1.7918462423876729,-0.07,1.8500000000031736,-1.9714383772381303,5.143309723377277,-2.146279600070599,2.702329882102357,0.011521526765953628,-0.2,0.09600809213875358,0.32,0.005033076986053905,0.005005237259618154,0
54.0,0.3086898968602978,main,0,0,0.015870861247544114,1.7913592829588687,-0.07,1.8500000000022219,-1.9708635060942834,5.143484609826524,-2.1417904436266224,2.708337999479831,0.012017688665601923,-0.2,0.09621471174225937,0.32,0.005035976777364764,0.005011385163167476,0
54.050000000000004,0.30868989686035053,main,0,0,0.015500005464010112,1.7908569548891735,-0.07,1.8500000000015548,-1.9702643560423667,5.143660355998808,-2.137241431466171,2.714300925637689,0.012487874147096147,-0.2,0.09642460946126968,0.32,0.005038835927253759,0.005016875315984733,0
54.1,0.3086898968603874,main,0,0,0.015110737498683724,1.7903405747905357,-0.07,1.850000000001089,-1.969642044277646,5.143836157086941,-2.1326330184866698,2.7202180642882836,0.012933336075407777,-0.2,0.09663685790270794,0.32,0.005041644370153207,0.0050218291268184275,0
54.150000000000006,0.3086898968604132,main,0,0,0.014703458164193202,1.7898113948186705,-0.07,1.8500000000007626,-1.9689976473057587,5.144011258319229,-2.127965665525576,2.7260888237226815,0.013355267109665515,-0.2,0.09685058509838751,0.32,0.005044393709746021,0.005026342043403947,0
54.2,0.3086898968604313,main,0,0,0.014278565637114264,1.789270605741375,-0.07,1.8500000000005339,-1.9683322024054015,5.144184952217447,-2.123239839314297,2.731912616869831,0.013754802589491178,-0.2,0.09706497152253632,0.32,0.005047077023950453,0.0050304890395132485,0
54.25,0.30868989686044396,main,0,0,0.013836455016986415,1.788719339864099,-0.07,1.8500000000003736,-1.9676467090465404,5.144356576000286,-2.118456012431515,2.737688861355271,0.014133023284189685,-0.2,0.09727924726502432,0.32,0.005049688690194434,0.005034328969649486,0
54.300000000000004,0.30868989686045284,main,0,0,0.013377517933966496,1.7881586738190884,-0.07,1.8500000000002617,-1.9669421302648398,5.144525509124853,-2.113614663255932,2.743416979559366,0.01449095801109924,-0.2,0.0974926893525209,0.32,0.005052224229010188,0.005037908021521627,0
54.35,0.30868989686045906,main,0,0,0.012902142201456102,1.7875896312241575,-0.07,1.850000000000183,-1.9662193939930606,5.144691170959203,-2.1087162759184315,2.749096398675069,0.014829586129161682,-0.2,0.09770461921014413,0.32,0.005054680164155244,0.005041262450048351,0
54.400000000000006,0.3086898968604634,main,0,0,0.012410711510277258,1.7870131852169027,-0.07,1.850000000000128,-1.9654793943502118,5.144853018579192,-2.103761340253665,2.7547265507652017,0.0151498399135102,-0.2,0.09791440025654108,0.32,0.005057053897627696,0.005044420739564221,0
54.45,0.30868989686046644,main,0,0,0.011903605161194031,1.7864302608699303,-0.07,1.8500000000000894,-1.9647229928892764,5.145010544683278,-2.0987503517510695,2.7603068728192466,0.01545260681663534,-0.2,0.09812143562564855,0.32,0.0050593435980937915,0.005047405311270135,0
54.5,0.30868989686046855,main,0,0,0.01138119783278778,1.7858417374924365,-0.07,1.8500000000000627,-1.9639510198043588,5.145163275619216,-2.0936838115053202,2.765836806809648,0.015738731621441175,-0.2,0.09832516600873176,0.32,0.00506154810138442,0.005050233869292992,0
54.550000000000004,0.30868989686047005,main,0,0,0.010843859381891002,1.7852484508232598,-0.07,1.850000000000044,-1.9631642750981215,5.145310769516861,-2.088562226166219,2.771315799747616,0.016009018491275763,-0.2,0.0985250676105903,0.32,0.005063666821843026,0.0050529204598029984,0
54.6,0.3086898968604711,main,0,0,0.010291954673970163,1.7846511951203061,-0.07,1.8500000000000307,-1.9623635297103992,5.145452614521627,-2.0833861078880322,2.7767433037384226,0.016264232921792122,-0.2,0.09872065021413007,0.32,0.005065699673424668,0.005055476302527333,0
54.650000000000006,0.3086898968604718,main,0,0,0.009725843441021939,1.7840507251510427,-0.07,1.8500000000000214,-1.9615495266088887,5.145588427123358,-2.078155974278274,2.782118776036191,0.016505103599280816,-0.2,0.09891145534776996,0.32,0.0050676469995508105,0.005057910441932029,0
54.7,0.3086898968604723,main,0,0,0.009145880164710763,1.7834477580885528,-0.07,1.8500000000000152,-1.9607229818428258,5.14571785057568,-2.0728723483459466,2.7874416790981713,0.016732324169906856,-0.2,0.09909705455042417,0.32,0.005069509510822144,0.005060230255710053,0
54.75,0.30868989686047266,main,0,0,0.008552413982629159,1.7828429753174586,-0.07,1.8500000000000107,-1.9598845855605607,5.14584055340112,-2.0675357584492406,2.792711480638493,0.016946554924077553,-0.2,0.09927704772906404,0.32,0.005071288229778095,0.005062441850523661,0
54.800000000000004,0.3086898968604729,main,0,0,0.007945788615706424,1.782237024153824,-0.07,1.850000000000008,-1.9590350029919537,5.145956227977512,-2.062146738242699,2.797927653681394,0.017148424399978705,-0.2,0.09945106160410519,0.32,0.005072984441973318,0.005064550368813593,0
54.85,0.30868989686047305,main,0,0,0.00732634231492638,1.7816305194829813,-0.07,1.8500000000000059,-1.9581748753965058,5.146064589201449,-2.0567058266238507,2.803089676613916,0.017338530910130323,-0.2,0.09961874823809086,0.32,0.0050745996527118125,0.005066560225593236,0
54.900000000000006,0.30868989686047316,main,0,0,0.006694407825641966,1.7810240453190507,-0.07,1.8500000000000045,-1.9573048209781436,5.146165373224741,-2.051213567679324,2.8081970332380677,0.01751744399462942,-0.2,0.09977978364338677,0.32,0.005076135548846336,0.005068475290243856,0
54.95,0.30868989686047327,main,0,0,0.0060503123678932345,1.7804181562897528,-0.07,1.8500000000000032,-1.9564254357675654,5.146258336260042,-2.0456705106304365,2.813249212822443,0.01768570580458772,-0.2,0.09993386646478387,0.32,0.005077593965109367,0.005070299025216959,0
55.0,0.3086898968604733,main,0,0,0.005394377631247209,1.779813379049967,-0.07,1.8500000000000023,-1.9555372944730576,5.146343253452009,-2.040077209778274,2.8182457101532936,0.01784383241909324,-0.2,0.10008071673314486,0.32,0.005078976854495463,0.00507203459107266,0
55.050000000000004,0.3086898968604734,main,0,0,0.004726919782782481,1.7792102136273287,-0.07,1.8500000000000019,-1.9546409513006755,5.146419917810533,-2.03443422444826,2.82318602558505,0.017992315098883563,-0.2,0.10022007468638816,0.32,0.005080286262263441,0.005073684925310816,0
55.1,0.30868989686047343,main,0,0,0.004048249486939672,1.7786091347030153,-0.07,1.850000000000001,-1.9537369407446774,5.1464881392027575,-2.028742118934226,2.8280696650902857,0.018131621479757946,-0.2,0.10035169965431204,0.32,0.0050815243031704605,0.005075252800882744,0
55.150000000000006,0.30868989686047343,main,0,0,0.003358671936050833,1.7780105928307368,-0.07,1.850000000000001,-1.952825778349086,5.1465477434007685,-2.023001462441979,2.83289614030912,0.01826219670861494,-0.2,0.100475369003931,0.32,0.00508269314158935,0.005076740869024066,0
55.2,0.30868989686047343,main,0,0,0.0026584868904467374,1.7774150155968047,-0.07,1.850000000000001,-1.9519079614412442,5.146598571182007,-2.017212829032385,2.837664968598054,0.018384464524873828,-0.2,0.10059087714214326,0.32,0.005083794974196419,0.005078151690058538,0
55.25,0.30868989686047343,main,0,0,0.0019479887271220287,1.7768228087240319,-0.07,1.850000000000001,-1.9509839698382136,5.14664047747958,-2.0113767975639614,2.8423756730782315,0.018498828289890874,-0.2,0.1006980345727468,0.32,0.005084832014948587,0.005079487755036548,0
55.300000000000004,0.30868989686047343,main,0,0,0.001227466496013416,1.776234357122092,-0.07,1.850000000000001,-1.9500542665268548,5.146673330579821,-2.005493951634991,2.8470277826831305,0.018605671966873752,-0.2,0.10079666700493242,0.32,0.00508580648209763,0.0050807515004487646,0
55.35,0.30868989686047343,main,0,0,0.0004972039830168734,1.7756500258868475,-0.07,1.850000000000001,-1.949119298318409,5.146697011364562,-1.9995648795251644,2.8516208322056675,0.018705361053669455,-0.2,0.10088661451054948,0.32,0.005086720587015696,0.005081945317762151,0
55.400000000000006,0.30868989686047343,main,0,0,-0.00024252022106408184,1.7750701612510444,-0.07,1.850000000000001,-1.948179496478392,5.146711412595727,-1.993590174136752,2.856154362344718,0.018798243470689167,-0.2,0.10096773072757032,0.32,0.005087576524629105,0.0050830715591355415,0
55.45,0.30868989686047343,main,0,0,-0.0009914326463851219,1.7744950914886644,-0.07,1.850000000000001,-1.9472352773325874,5.146716438239962,-1.9875704329353139,2.860627919751045,0.01888465040612656,-0.2,0.10103988210731008,0.32,0.005088376465278789,0.005084132540364191,0
55.5,0.30868989686047343,main,0,0,-0.0017492648654311308,1.7739251277751213,-0.07,1.850000000000001,-1.946287042849915,5.146712002831155,-1.9815062578899534,2.865041057072637,0.018964897120522003,-0.2,0.1011029472030821,0.32,0.005089122547844458,0.005085130541860244,0
55.550000000000004,0.30868989686047343,main,0,0,-0.0025157534105237993,1.77336056500539,-0.07,1.850000000000001,-1.9453351812029345,5.14669803086879,-1.9753982554131218,2.8693933329994388,0.01903928371262836,-0.2,0.1011568159980868,0.32,0.005089816873987104,0.005086067808285616,0
55.6,0.30868989686047343,main,0,0,-0.003290639688050526,1.7728016825720614,-0.07,1.850000000000001,-1.9443800673067206,5.1466744562501985,-1.9692470362999765,2.8736843123074847,0.01910809584843739,-0.2,0.10120138927044658,0.32,0.0050904615033788006,0.005086946547304253,0
55.650000000000006,0.30868989686047343,main,0,0,-0.004073669889951318,1.7722487451052262,-0.07,1.850000000000001,-1.9434220633368386,5.146641221734868,-1.9630532156673033,2.8779135659024195,0.019171605455140725,-0.2,0.10123657799340163,0.32,0.005091058449803715,0.0050877689278041455,0
55.7,0.30868989686047343,main,0,0,-0.004864594902956317,1.7717020031760062,-0.07,1.850000000000001,-1.942461519227123,5.14659827843906,-1.9568186929230846,2.8820825857094987,0.019230071381710456,-0.2,0.10126230276878756,0.32,0.0050916096780255155,0.005088537077848419,0
55.75,0.30868989686047343,main,0,0,-0.005663170216025599,1.771161693965464,-0.07,1.850000000000001,-1.9414987731479496,5.146545585359093,-1.95054603709698,2.886194007469333,0.019283740027706157,-0.2,0.10127849329200857,0.32,0.0050921171013282324,0.005089253082544383,0
55.800000000000004,0.30868989686047343,main,0,0,-0.006469155826404561,1.770628041900548,-0.07,1.850000000000001,-1.9405341519656722,5.146483108921704,-1.944237639925076,2.890250375934045,0.019332845941836527,-0.2,0.10128508784681353,0.32,0.005092582579647182,0.005089918981964942,0
55.85,0.30868989686047343,main,0,0,-0.00728231614467262,1.7701012592586505,-0.07,1.850000000000001,-1.9395679716838794,5.146410822560023,-1.9378957287481267,2.8942541444867573,0.019377612391731337,-0.1919339103460284,0.1012820328282689,0.32,0.004895188542636312,0.0050509728940992165,0
55.900000000000006,0.30868989686047343,main,0,0,-0.008100493058330662,1.7695823052024047,-0.07,1.850000000000001,-1.9386025310734638,5.146329267656447,-1.931522378514006,2.8982076754140724,0.01937758266179728,-0.18233550651359132,0.10126928229240592,0.32,0.004660217254513773,0.004972821766182128,0
55.95,0.30868989686047343,main,0,0,-0.008921240410155956,1.7690721536254495,-0.07,1.850000000000001,-1.9376403672061322,5.146239148072562,-1.9251195229276628,2.90211324071764,0.019327502135539125,-0.17322083184589654,0.10124723527309998,0.32,0.004437036309617489,0.004865664674869201,0
56.0,0.30868989686047343,main,0,0,-0.00974232185976187,1.7685716007456076,-0.07,1.850000000000001,-1.9366837426017995,5.146141182268375,-1.918688964794453,2.905973023366366,0.019232555029478987,-0.1645665676632818,0.10121643832575364,0.32,0.004225053245546259,0.004737542389004612,0
56.050000000000004,0.30868989686047343,main,0,0,-0.01056170065410374,1.7680812876859042,-0.07,1.850000000000001,-1.9357346670321847,5.146036091506206,-1.9122323856039372,2.9097891189045564,0.019097523453400184,-0.15635021064080484,0.10117746945554437,0.32,0.004023699322113098,0.00459477377562631,0
56.1,0.30868989686047343,main,0,0,-0.011377529047340507,1.7676017204948078,-0.07,1.850000000000001,-1.9347949180548838,5.145924590305991,-1.9057513544013676,2.913563537343378,0.018926813339677367,-0.14855010887297992,0.10113092500318402,0.32,0.003832430030260998,0.004442305026553247,0
56.150000000000006,0.30868989686047343,main,0,0,-0.012188137573892928,1.7671332878612338,-0.07,1.850000000000001,-1.9338660602701352,5.145807378825204,-1.8992473359934348,2.9172982052736325,0.01872447933072064,-0.1411454824702134,0.10107740885587599,0.32,0.003650725247003641,0.0042839890706433265,0
56.2,0.30868989686047343,main,0,0,-0.012992024336558947,1.7666762767615756,-0.07,1.850000000000001,-1.9329494633148763,5.14568513687655,-1.8927216985335864,2.9209949681470966,0.01849424853732079,-0.13411643159036638,0.10101752365777819,0.32,0.0034780891070362286,0.0041228090779219075,0
56.25,0.30868989686047343,main,0,0,-0.013787844436451419,1.766230886257243,-0.07,1.850000000000001,-1.932046318625277,5.145558519332778,-1.8861757205305552,2.924655592681767,0.01823954311645554,-0.1274439343781232,0.10095186373277076,0.32,0.0033140496509335366,0.003961057192524233,0
56.300000000000004,0.30868989686047343,main,0,0,-0.014574399642358208,1.7657972396425134,-0.07,1.850000000000001,-1.9311576550108647,5.145428152700449,-1.8796105973217594,2.928281769353322,0.017963501645340236,-0.1211098369032387,0.10088100946742569,0.32,0.0031581583003565234,0.0038004774140906914,0
56.35,0.30870390584694857,main,0,0,-0.015845287383441597,1.7651065707641602,-0.07014737289818156,1.8499017514012124,-1.929727833284832,5.145209545789015,-1.8730274470510913,2.9318751149411835,0.028928734158008354,-0.11932346889389492,0.10080456172532941,0.32,0.003315265531297244,0.0037034350375320024,0
56.400000000000006,0.30874789357126076,main,0,0,-0.017106299352983585,1.764430982929135,-0.0706101186098605,1.849593254260093,-1.9283149974449831,5.144984901626391,-1.866431300578297,2.9354445479086793,0.028611676708381776,-0.1075121890536967,0.10066197697844063,0.32,0.0030448094122802723,0.0035717099124816564,0
56.45,0.308812472941309,main,0,0,-0.018366041919121997,1.7637647658410587,-0.07128948602474794,1.849140342650168,-1.9269088399902656,5.144753562580988,-1.8598239320630137,2.9389931647241783,0.02850120377377509,-0.09353953641950252,0.10049244884565484,0.32,0.0027384894718385185,0.003405065824353029,0
56.5,0.30889131806501424,main,0,0,-0.01962870441243399,1.7631045430556826,-0.07211892749852081,1.848587381667653,-1.9255039825582438,5.144515683842889,-1.8532074913069976,2.9425248373763546,0.02849709247166527,-0.07835964789803701,0.10029248024382956,0.32,0.0024223660355191354,0.0032085258665862505,0
56.550000000000004,0.3089801279675677,main,0,0,-0.02089561252089675,1.7624484082570564,-0.07305319727955246,1.8479645351469651,-1.9240982164575369,5.144271981771991,-1.8465843339742212,2.9460438978966197,0.02853467384959499,-0.06260969142783673,0.10006115119627731,0.32,0.0021179122838748078,0.002990403150043962,0
56.6,0.30907594323016147,main,0,0,-0.022166264114210178,1.761795371229683,-0.07406116262833903,1.847292558247774,-1.922691342685618,5.144023548640952,-1.8399569138667775,2.9495549237751133,0.028572804067578242,-0.04671697860366777,0.09979878117855272,0.32,0.0018452805713144132,0.0027613786342980525,0
56.650000000000006,0.30917669537926173,main,0,0,-0.023439019618497127,1.7611450066441838,-0.07512106344538756,1.846585957703075,-1.9212844097162607,5.143771714791957,-1.8333277153414,2.953062590650849,0.028585875307670587,-0.030968930118186404,0.09950636345065962,0.32,0.0016255160144335273,0.0025342061103251477,0
56.7,0.30928090971169764,main,0,0,-0.02471156181370519,1.7604972340662899,-0.07621738602593187,1.8458550759827121,-1.9198792142772279,5.1435179457446365,-1.8266992115873844,2.956571570272192,0.028558522029379724,-0.015559125570185893,0.09918531792414416,0.32,0.0014799584264682051,0.002323356573553759,0
56.75,0.30938750924542463,main,0,0,-0.025981201672505526,1.759852182059718,-0.07733880064490727,1.8451074662367284,-1.9184779755968864,5.143263765448484,-1.8200738394581384,2.9600864591963276,0.028482116931415457,-0.0006177829017096001,0.09883737301033749,0.32,0.0014241895930872596,0.0021435231774604596,0
56.800000000000004,0.30949568531184884,main,0,0,-0.027245081319138,1.7592101056975977,-0.07847680020334871,1.8443487998644343,-1.9170831238835633,5.143010699224336,-1.8134539847877047,2.963611728567927,0.028352451858457074,0.01376798272047238,0.09846449837792991,0.32,0.0014588101859340252,0.0020065805791551726,0
56.85,0.3096048120631423,main,0,0,-0.02850030814959754,1.7585713376530696,-0.07962480085535095,1.8435834660964328,-1.9156971639350637,5.142760231598143,-1.8068419742379227,2.9671516885238547,0.028168202005918946,0.02754064501155834,0.09806885719773023,0.32,0.0015676968665525601,0.0019188038366346502,0
56.900000000000006,0.3097143899190161,main,0,0,-0.029744042801265733,1.7579362601270088,-0.0807775470747446,1.8428149686168371,-1.914322588103685,5.142513775452638,-1.8002400711048991,2.970710462894642,0.027929907610787674,0.04066321839463811,0.09765276571747282,0.32,0.0017273202306604407,0.0018805071154398083,0
56.95,0.3107606061578344,main,0,0,-0.03145771200022498,1.7570568267882125,-0.09178361946362561,1.8354775870242497,-1.9124259810691508,5.142177699750744,-1.79365047342002,2.9742919712851723,0.03852305865763057,0.17066003263776958,0.09730993448672129,0.32,0.004681142417540836,0.002440634175860014,0
57.0,0.31153287515663447,main,0,0,-0.03343338933706501,1.7560215416698308,-0.09990779894881764,1.8300614673674551,-1.9102264576895387,5.141807276859732,-1.7870968279626418,2.9779388509403004,0.04460993707973947,0.2,0.09747646232602641,0.32,0.005474953535478163,0.0030474980477836443,0
57.050000000000004,0.3121199065654897,main,0,0,-0.03572413675244106,1.7547918025415974,-0.104055533777997,1.8239166993330047,-1.9076584140124475,5.141401156536289,-1.7805799783735468,2.98165108361527,0.05199916170309013,0.2,0.0959559365234762,0.32,0.005635581784036081,0.0035651147950341317,0
57.1,0.3125852576522976,main,0,0,-0.038070648799723536,1.7535017357711746,-0.1073191597586943,1.8190212603619584,-1.9050094744139128,5.1410093529330565,-1.7741005763322633,2.9854282980899076,0.05355517177711612,0.2,0.09447600525320698,0.32,0.005671894838604622,0.00398647080374823,0
57.150000000000006,0.3129673575202528,main,0,0,-0.040431861478838454,1.7521726667578659,-0.1099989236866861,1.8150016144699708,-1.9023252388980252,5.140639718717381,-1.7676592697735958,2.9892701166459132,0.05419132682690231,0.2,0.09308004387513101,0.32,0.00568698072426393,0.00432657278785137,0
57.2,0.3135658664354024,main,0,0,-0.042908325088563785,1.7507459293210719,-0.11419641951410561,1.8087053707288416,-1.8994901502433312,5.140278160915821,-1.7612567028228325,2.9931761551046328,0.05716100672256676,0.2,0.09183350607271587,0.32,0.00575920582405615,0.004613099395092326,0
57.25,0.3140413810764575,main,0,0,-0.04543729407472877,1.7492550625616508,-0.1175313250955983,1.8037030123566027,-1.8965744619834664,5.139935918606021,-1.7548935157313332,2.997146022865475,0.05871411355826276,0.2,0.09063177719684727,0.32,0.005798134857635694,0.004850106487600999,0
57.300000000000004,0.31443271789486327,main,0,0,-0.051859772335829835,1.745381850330739,-0.12022241359753127,1.7995551728049373,-1.889117230665919,5.139136105454972,-1.7485703448125043,3.0011793229449726,0.15,0.2,0.08941625147586907,0.12,0.009013878188659922,0.005682860827812784,0
57.35,0.31485700633629216,main,0,0,-0.0582431979989169,1.7414446080466217,-0.12262145381380152,1.794757092372397,-1.8816523742086213,5.138410903364556,-1.7422878223781681,3.0052756520164783,0.15,0.2,0.08573477527829707,0.12,0.009013878188659894,0.006349064299982206,0
57.400000000000006,0.31524849187790016,main,0,0,-0.06458693272674315,1.737443729430246,-0.12483501766966108,1.7903299646606778,-1.8741806390909985,5.13776038485438,-1.736046576675333,3.009434600450499,0.15,0.2,0.08211443993247171,0.12,0.00901387818865996,0.006882027077717758,0
57.45,0.31552253175702577,main,0,0,-0.07089034215112225,1.7333796145661398,-0.12638451236876272,1.7872309752624747,-1.8667027724803358,5.137184614975751,-1.7298472318233682,3.0136557523556564,0.15,0.2,0.07863484423083379,0.12,0.009013878188659967,0.0073083972999062,0
57.5,0.3158567834309618,main,0,0,-0.07715279593636457,1.7292526698624027,-0.1282744606441095,1.783451078711781,-1.8592195221570627,5.1366836513051775,-1.7236904077515927,3.0179386856202783,0.15,0.2,0.07529314426925907,0.12,0.009013878188659882,0.007649493477656937,0
57.550000000000004,0.31625466291411597,main,0,0,-0.07911095210130703,1.7279339761387,-0.13065016223776912,1.7790247566433464,-1.8568625455465517,5.136549524645862,-1.717576720137283,3.022282971954607,0.04721579694650832,0.15341177346501642,0.07219449720183199,0.32,0.004503644230152423,0.007020323628156034,0
57.6,0.3165849863394574,main,0,0,-0.08111388116131872,1.7265626830047487,-0.13296680475465306,1.7755497928680204,-1.8544381006176107,5.1364302079865345,-1.7115067803441057,3.0266881769336296,0.04854758358007761,0.1269500572752795,0.07147718229025571,0.32,0.0039956060654216105,0.006415380115609151,0
57.650000000000006,0.3168696482816799,main,0,0,-0.0831395505065959,1.7251568532513726,-0.13496321163257793,1.7725551825511332,-1.851974658023849,5.1363246419924184,-1.7054774181923342,3.031148758963229,0.04931406935905086,0.10388226699952834,0.07064366224516784,0.32,0.0035811167203784427,0.005848527436563009,0
57.7,0.31712332834160245,main,0,0,-0.08517440849206856,1.723728929775811,-0.1367423346599403,1.7698864980100897,-1.8494905354618507,5.136231113547155,-1.6994833398424185,3.035656643692797,0.04971765269238611,0.0833931936430404,0.06975550420261181,0.32,0.003244399472836707,0.005327701843817749,0
57.75,0.31735587821648187,main,0,0,-0.08721041752346857,1.7222874914162722,-0.13837326630484187,1.7674401005427371,-1.8469973223811462,5.136147651852376,-1.6935196670804362,3.040204677024688,0.049892193057799794,0.06489738414349774,0.06884315791333755,0.32,0.002975797601183533,0.004857320995290906,0
57.800000000000004,0.3175739189338871,main,0,0,-0.0892431105950032,1.7208384760157314,-0.13990244152404024,1.7651463377139396,-1.8445021674216677,5.136072229824692,-1.6875818543956962,3.0447864212908975,0.04992589209646571,0.04797968072942756,0.06792121675707848,0.32,0.0027695248429794902,0.004439761764828624,0
57.85,0.31778190918902866,main,0,0,-0.0912703158570512,1.7193860255044995,-0.14136113028539687,1.7629583045719048,-1.8420093052446607,5.136002862480068,-1.6816656310047924,3.049396009210541,0.049876542230002555,0.032346979900412486,0.0669961563214736,0.32,0.00262166513974921,0.004076142439812741,0
57.900000000000006,0.3179828597094645,main,0,0,-0.09329131861728654,1.717933066601613,-0.14277044758994573,1.7608443286150814,-1.839521075104027,5.135937651303132,-1.675766961617552,3.054028038944905,0.04978169033030475,0.017791880891202955,0.06607031052483194,0.32,0.0025285146077064762,0.0037666168733914884,0
57.95,0.3181788108160544,main,0,0,-0.09530631053117739,1.7164817083248656,-0.14414470272879176,1.7587829459068125,-1.837038599912548,5.135874800812121,-1.6698820205788913,3.0586774979426257,0.04966541356126575,0.0041663743500662456,0.06514393835055654,0.32,0.0024854541702764178,0.0035103843327684743,0
58.0,0.3183711516179593,main,0,0,-0.09731602771596835,1.7150335133695587,-0.14549363787913366,1.7567595431812995,-1.8345622385695848,5.135812621309888,-1.6640071751795258,3.063339706811129,0.049542837187308814,-0.008636741175124259,0.06421630607329673,0.32,0.002486534255293769,0.0033056143172735335,0
58.050000000000004,0.318560833328251,main,0,0,-0.09932151331791374,1.713589683012133,-0.14682392414109904,1.7547641137883514,-1.832091886876901,5.135749525231654,-1.6581389750174649,3.068010277103715,0.04942314680646627,-0.020696772955959675,0.06328625431282434,0.32,0.002524745800546665,0.00314944061392816,0
58.1,0.3186966935979142,main,0,0,-0.10129819655941705,1.7121696921153848,-0.14777674689876957,1.7533348796518458,-1.8296588908466616,5.135684863798582,-1.652274145186972,3.0726850788170887,0.04867710255998329,-0.028653269542032317,0.062486770523814975,0.32,0.0025370813829562475,0.0030269687677337777,0
58.150000000000006,0.3187917957866784,main,0,0,-0.103228566331119,1.710787159900352,-0.14844372282913862,1.7523344157562921,-1.827285432836723,5.135618381799793,-1.6464104001247464,3.077361241115943,0.04748777855871718,-0.03354125502857398,0.06180589431371483,0.32,0.0025181059646412914,0.0029251962071152804,0
58.2,0.31885836731881334,main,0,0,-0.10510152570581766,1.7094504916180617,-0.1489106059803974,1.751634091029404,-1.8249854336848295,5.13555009697394,-1.6405462028980975,3.0820368363600763,0.046020251699234765,-0.03630845218204032,0.061218282885235814,0.32,0.0024735801439536736,0.002834872994482959,0
58.25,0.3189049673913078,main,0,0,-0.10691040067920592,1.7081645082294883,-0.149237424186278,1.751143863720583,-1.8227671241333847,5.135480206495287,-1.6346805408057927,3.086710593758455,0.04438820539304114,-0.03762126051266548,0.06070168413394832,0.32,0.0024104732878914618,0.00274999305316466,0
58.300000000000004,0.3189375874420539,main,0,0,-0.10865156373663919,1.7069315873031101,-0.14946619693039484,1.7508007046044078,-1.8206348310049882,5.135409010864346,-1.6288127662241816,3.091381698709042,0.04266962762092843,-0.037946284254355006,0.060238711873339276,0.32,0.0023348861018723547,0.0026669716629061993,0
58.35,0.3189892795569126,main,0,0,-0.11033784836875268,1.7057423230801325,-0.14982872692942667,1.75025690960586,-1.818572645396187,5.135336238840811,-1.6229424844295548,3.0960496523990084,0.04126938454862862,-0.03951369118661437,0.059749644724422055,0.32,0.00228773635326522,0.0025911246009780037,0
58.400000000000006,0.3190737105221947,main,0,0,-0.11444989150244052,1.7028544234474055,-0.1505364969648552,1.7494635030351449,-1.813551306414993,5.135149108250165,-1.6170690194985218,3.100713600265776,0.1004964935149765,0.2,0.059316981814160674,0.32,0.007088643242681445,0.003490628329318692,0
58.45,0.3192502585185311,main,0,0,-0.11838370152445357,1.700032539192,-0.15211486808147975,1.74788513191852,-1.808711834081887,5.135017200792835,-1.6112424869396351,3.105436048607498,0.09682539344654695,0.2,0.058266644075467694,0.32,0.006959733618479581,0.00418444938715087,0
58.5,0.3194871903907627,main,0,0,-0.12217093220327045,1.6972580253828473,-0.15423308200346317,1.7457669179965367,-1.8040177436180835,5.134936220490425,-1.605463469401295,3.110216525183276,0.09389577858828307,0.2,0.057084924922508544,0.32,0.006858647322304103,0.004719288974181517,0
58.550000000000004,0.31976313685106295,main,0,0,-0.12583107805229213,1.6945199511411022,-0.15670009342081612,1.7432999065791837,-1.7994468990534978,5.1349030820563195,-1.6005358408967765,3.1143764121431903,0.09141929378291738,0.2,0.055771768430661936,0.32,0.006774490253105215,0.005130329229966257,0
58.6,0.320493726730673,main,0,0,-0.1295173590990373,1.691704398466501,-0.16323169948831007,1.7367683005116898,-1.7948083818243883,5.134915838791831,-1.596855779829691,3.117546672944134,0.09277069541411546,0.2,0.054318796432742,0.32,0.006820264277800799,0.005468316239533166,0
58.650000000000006,0.3211040106695053,main,0,0,-0.13316381913887246,1.6888610771600385,-0.1686877486193191,1.731312251380681,-1.7901847824475217,5.13497479365708,-1.594299716912784,3.119793561880224,0.09247950448374735,0.2,0.05310956037636446,0.32,0.006810370538663591,0.005736727099359251,0
58.7,0.3216302472221394,main,0,0,-0.1390318949888164,1.6841903506834286,-0.1721455414320835,1.725708917135833,-1.7826867232519135,5.1351454052016985,-1.599265238146026,3.1153398475077627,0.15,0.2,0.05228730478100792,0.12,0.009013878188659938,0.006392157317219389,0
58.75,0.32204698337705434,main,0,0,-0.1448529709510973,1.6794611779607047,-0.17450187900245845,1.720996241995083,-1.775190745043152,5.135390987558096,-1.6047981091692949,3.110276514787126,0.15,0.19785482114807795,0.050141556241596705,0.12,0.008984240725137004,0.0069105739988029125,0
58.800000000000004,0.3223386986854948,main,0,0,-0.15062697835398228,1.6746746511915922,-0.17615131530172098,1.717697369396558,-1.7676975630763543,5.135710712459309,-1.6102800710679963,3.1051581074429233,0.15,0.14007028694516527,0.04818924182559294,0.12,0.008277215914971894,0.007183902382036709,0
58.85,0.3226427686357369,main,0,0,-0.15636732191732639,1.669847803796576,-0.17787060804684804,1.714258783906304,-1.760206804055773,5.1360829076978325,-1.6157105756505086,3.099985137311624,0.15,0.08170073407706592,0.04655252149596133,0.12,0.0077731513054846175,0.007301752166726291,0
58.900000000000006,0.3230329158644725,dt,1,0,-0.16208789979074187,1.6649975472266418,-0.180121122703897,1.709878877296103,-1.760206804055773,5.1360829076978325,-1.6158696821746865,3.0998305121121357,0.15,0.08170073407706592,0.04507135878314557,0.32,0.007773151305484647,0.007396031994477962,0
58.95,0.32397832047679764,dt,1,0,-0.16427624026460733,1.6631267188018082,-0.18857321145360056,1.7014267885463994,-1.760206804055773,5.1360829076978325,-1.6171038684176853,3.0986068528056245,0.05758066698023911,0.09183530560801537,0.04223255025732459,0.32,0.003682378324167268,0.006653301260415823,0
59.0,0.32469863666739757,dt,1,0,-0.16995451860934674,1.6582270091124833,-0.1950129688774882,1.694987031122512,-1.760206804055773,5.1360829076978325,-1.6191996734656688,3.0964869461333033,0.15,0.07490682633319562,0.041312938891214256,0.32,0.007730258429998958,0.00686869269433245,0
59.050000000000004,0.32535575848233816,dt,1,0,-0.17561440608564083,1.653306066747886,-0.2003970170527805,1.6888089488416582,-1.760206804055773,5.1360829076978325,-1.62441897059242,3.091100951563803,0.15,0.07291134077433556,0.03889061365231182,0.12,0.007718324932162671,0.007038619141898494,0
59.1,0.3259689841934709,dt,1,0,-0.18125631636602715,1.648364523629783,-0.2028487981096351,1.6814536056710947,-1.760206804055773,5.1360829076978325,-1.6295841477084556,3.085663034190398,0.15,0.008012931952664282,0.036798034061208885,0.12,0.007502674817959858,0.007131430277110767,0
59.150000000000006,0.32650556973226685,dt,1,0,-0.1868962463812159,1.643420720496185,-0.20499415867674461,1.675017523969766,-1.760206804055773,5.1360829076978325,-1.6346946883003686,3.080173737800294,0.15,-0.02193499413092543,0.034202113923204026,0.12,0.007520020942770213,0.007209148410242657,0
59.2,0.326881179609424,dt,1,0,-0.1925415951179311,1.6384831059262872,-0.20649591107372112,1.6705122667788366,-1.760206804055773,5.1360829076978325,-1.6397500813183585,3.0746336113185557,0.15,-0.06920218001328354,0.03173616790347514,0.12,0.00769695320072288,0.007306709368338702,0
59.25,0.3272122005977453,dt,1,0,-0.19820399471114689,1.6335650543967941,-0.2078193894828183,1.666541831551545,-1.760206804055773,5.1360829076978325,-1.6447498212273364,3.0690432087532145,0.15,-0.08746349865095177,0.02959437767154955,0.12,0.00781224453967397,0.007407816402605756,0
59.300000000000004,0.32762143603460037,dt,1,0,-0.20388784758983022,1.6286718124802848,-0.20945558260658895,1.661633252180233,-1.760206804055773,5.1360829076978325,-1.6496934080574777,3.063403089139868,0.15,0.011312298221786601,0.027503853722859344,0.12,0.007505330109789457,0.0074273191440424975,0
59.35,0.32808536527235177,dt,1,0,-0.20956893186887984,1.62377535647473,-0.21293025725184336,1.6570697427481564,-1.760206804055773,5.1360829076978325,-1.6545803474542191,3.057713816485778,0.15,0.07072111525309846,0.026474318254351002,0.32,0.007705577368967914,0.007482970789027581,0
59.400000000000006,0.32858758764523355,dt,1,0,-0.21523266652531386,1.6188588424920884,-0.21742021637870146,1.6525797836212985,-1.760206804055773,5.1360829076978325,-1.6589457629447124,3.0527333303783593,0.15,0.1023282188343112,0.025919502281452327,0.32,0.007924292727501133,0.007571235176722292,0
59.45,0.3291166606548123,dt,1,0,-0.2208711722540603,1.6139134149931866,-0.22215022506888016,1.6478497749311196,-1.760206804055773,5.1360829076978325,-1.6627005654907727,3.0485349404284836,0.15,0.060149399221770705,0.02539113747597071,0.32,0.007649262637124772,0.007586840668802788,0
59.5,0.32966459092994144,dt,1,0,-0.226494779280808,1.6089510522486148,-0.2270488211341677,1.6429511788658322,-1.760206804055773,5.1360829076978325,-1.6658683107973729,3.0450634576776774,0.15,0.04289416183318557,0.0249010571597549,0.32,0.007576275021381418,0.007584727539318515,0
59.550000000000004,0.3302257554604581,dt,1,0,-0.23210773056253037,1.603976639930661,-0.23206573384358153,1.6379342661564182,-1.760206804055773,5.1360829076978325,-1.6694669156343325,3.0411958998768687,0.15,0.04311758559042292,0.024092510254742943,0.32,0.007577067629826647,0.007583195557420141,0
59.6,0.33090841472930255,dt,1,0,-0.2377099445761402,1.5989901383367864,-0.23816883155524832,1.6318311684447515,-1.760206804055773,5.1360829076978325,-1.6738114709049696,3.0364319924719876,0.15,-0.011742954028617095,0.022663951572765788,0.32,0.0075057435078627706,0.007567705147508668,0
59.650000000000006,0.33155845961525776,dt,1,0,-0.24331508543687044,1.594006926929333,-0.24398035076697633,1.6260196492330237,-1.760206804055773,5.1360829076978325,-1.6788095876221019,3.0308401386396775,0.15,-0.035690136109860646,0.021301865430122382,0.32,0.007552887933414141,0.007564741704689763,0
59.7,0.33218564799842343,dt,1,0,-0.24892910994286704,1.5890337258630107,-0.24958752869713458,1.6204124713028656,-1.760206804055773,5.1360829076978325,-1.6837515368291287,3.025198584063573,0.15,-0.06795102591584302,0.01994080627257696,0.32,0.007689983010506931,0.007589789965853197,0
59.75,0.3327967561226874,dt,1,0,-0.25455999871977614,1.5840796273999118,-0.2539622881865525,1.6140565677201713,-1.760206804055773,5.1360829076978325,-1.6886368243352476,3.0195078928944303,0.15,0.019549790006182163,0.02019430545517055,0.32,0.007515907891319806,0.0075750135509465195,0
59.800000000000004,0.3333964528918599,dt,1,0,-0.2601860422281085,1.5791200271698176,-0.2581681147375057,1.6077478278937416,-1.760206804055773,5.1360829076978325,-1.693526144935308,3.0138979793257694,0.15,-0.02976527848846437,0.020236692213293977,0.32,0.007536825086014951,0.007567375857960206,0
59.85,0.3339025752874824,dt,1,0,-0.2658194606971743,1.5741688054668044,-0.2617176803162539,1.6024234795256191,-1.760206804055773,5.1360829076978325,-1.6977588529974321,3.009138391428053,0.15,0.02845110606503873,0.020175997030831987,0.32,0.007533652228348732,0.007560631132037911,0
59.900000000000006,0.3342815440774232,dt,1,0,-0.2714458300818536,1.5692095749269783,-0.2643754851947345,1.5984367722078983,-1.760206804055773,5.1360829076978325,-1.7012960691087542,3.0052400795284213,0.15,0.012695088882525185,0.020562713174635615,0.32,0.00750671221648225,0.007549847348926779,0
59.95,0.33471068470975784,dt,1,0,-0.2770690504396504,1.5642467740234904,-0.2673851580133098,1.5939222629800356,-1.760206804055773,5.1360829076978325,-1.7041679995286032,3.002137879115923,0.15,0.011702295915673545,0.02112555686526339,0.32,0.007505703819833428,0.007541018643108109,0
60.0,0.3351749015362245,dt,1,0,-0.28268936602679484,1.5592806837402897,-0.2710959864499361,1.5896346711833549,-1.760206804055773,5.1360829076978325,-1.7075458977822058,2.9985615547330853,0.15,0.021452675778029395,0.021968657057765996,0.32,0.007519151269343673,0.007536645168355222,0
60.050000000000004,0.33566363099297586,dt,1,0,-0.2883043515855164,1.5543085677746924,-0.27695805779937355,1.5876806474002088,-1.760206804055773,5.1360829076978325,-1.7103705672051026,2.9956302409505695,0.15,-0.01778328158103728,0.02346485706244251,0.32,0.00751316532427371,0.00753194919953892,0
60.1,0.33647476693519235,dt,1,0,-0.2939237559509295,1.5493414464174093,-0.2866872376179422,1.584437587460686,-1.760206804055773,5.1360829076978325,-1.712801096359992,2.9931579117256484,0.15,-0.04472376615961241,0.024313409338009222,0.32,0.007582884315165862,0.0075421362226643085,0
60.150000000000006,0.33722018476064747,dt,1,0,-0.29955425367577176,1.544386903515128,-0.2956281606942913,1.5814572797685695,-1.760206804055773,5.1360829076978325,-1.714768181056257,2.9911966196349287,0.15,-0.07201087128636316,0.025282552694091878,0.32,0.007713039510441873,0.007576316880219822,0
60.2,0.3379195749871644,dt,1,0,-0.3052025539130264,1.5394526655364906,-0.30299409888383616,1.577005901116164,-1.760206804055773,5.1360829076978325,-1.7164696770378225,2.9895216274414773,0.15,0.015681095619060892,0.02599072022462117,0.32,0.007510238709580613,0.00756310124609198,0
60.25,0.338586703908511,dt,1,0,-0.3108469837016766,1.534514000498143,-0.3089583524713533,1.5710416475286466,-1.760206804055773,5.1360829076978325,-1.719066748047865,2.98691336156617,0.15,0.06441452767150421,0.026360446502960166,0.32,0.007670936683969131,0.007584668333667411,0
60.300000000000004,0.33923125925516134,dt,1,0,-0.31647547815400623,1.5295571819418414,-0.3147207942057828,1.565279205794217,-1.760206804055773,5.1360829076978325,-1.722478146929053,2.9834180373932284,0.15,0.035878104217252425,0.026596834460446056,0.32,0.007553444510711038,0.007578423569076137,0
60.35,0.339743973877249,dt,1,0,-0.32209507149195254,1.5245902743811848,-0.3193045559440478,1.5606954440559524,-1.760206804055773,5.1360829076978325,-1.7265826250663634,2.9791275754739885,0.15,0.02767969951939483,0.02686583934738997,0.32,0.007531855920251421,0.007569110039311194,0
60.400000000000006,0.34025223613487177,dt,1,0,-0.32770778532472816,1.5196155941471026,-0.3238485127362481,1.5561514872637519,-1.760206804055773,5.1360829076978325,-1.7311848439006852,2.9742407344793014,0.15,0.03321842896359156,0.02719434147534689,0.32,0.007545837595274288,0.007564455550503813,0
60.45,0.3407829495013256,dt,1,0,-0.33331222886642115,1.5146315985022434,-0.32859318651448366,1.5514068134855163,-1.760206804055773,5.1360829076978325,-1.7361184417421067,2.9689423316397767,0.15,-0.014189223713322745,0.027536852517604706,0.32,0.007508384233208315,0.007553241287044714,0
60.5,0.34132932409399164,dt,1,0,-0.33892020694882036,1.509651580246521,-0.33421754232381345,1.547469474605712,-1.760206804055773,5.1360829076978325,-1.7412099306516668,2.9634353596329635,0.15,-0.06423614937877992,0.028287488187527635,0.12,0.007670001747351974,0.007576593379106167,0
60.550000000000004,0.3418866849050107,dt,1,0,-0.3445441509384439,1.5046895993919047,-0.34026020436001414,1.5438438773839915,-1.760206804055773,5.1360829076978325,-1.7462460961866588,2.9578777489319372,0.15,-0.046291849659453224,0.029149162143692817,0.12,0.007588763706333134,0.007579027444551561,0
60.6,0.3424518407206018,dt,1,0,-0.3501795648167207,1.499740648955648,-0.34638737642503076,1.5401675741449816,-1.760206804055773,5.1360829076978325,-1.751226434734726,2.9522700552931376,0.15,0.0319479457532353,0.029935723484993477,0.12,0.007542408071939464,0.007571703570029142,0
60.650000000000006,0.3430225273375683,dt,1,0,-0.3558070660684763,1.4947827028424385,-0.35257451101852066,1.5364552933888875,-1.760206804055773,5.1360829076978325,-1.7561504482661638,2.9466128394812547,0.15,-0.014210227642613565,0.030657691343200736,0.12,0.007508409059583369,0.007559044667939988,0
60.7,0.3435970343394773,dt,1,0,-0.36143808857662535,1.489828756384036,-0.3588030645539233,1.532718161267646,-1.760206804055773,5.1360829076978325,-1.7610176443837224,2.940906667213156,0.15,-0.03168367343191323,0.03134623304729531,0.12,0.007541711309532987,0.007555577996258588,0
60.75,0.3443783643513195,dt,1,0,-0.3670769519766689,1.4848837367121186,-0.3672739026662607,1.5276356584002437,-1.760206804055773,5.1360829076978325,-1.765827536371846,2.9351521091013124,0.15,-0.024617307037413497,0.03220404718819499,0.12,0.007525208128590845,0.007549504022725039,0
60.800000000000004,0.34510287368663506,dt,1,0,-0.3727218977570323,1.4799456614659567,-0.3751287158659551,1.5229227704804271,-1.760206804055773,5.1360829076978325,-1.7705796432453442,2.92934974059674,0.15,-0.0025562910939427048,0.033084326791712595,0.12,0.007500272271064369,0.007539657672392905,0
60.85,0.34578759408482584,dt,1,0,-0.37836747464917314,1.4750083077663596,-0.3821045607785412,1.517895439221459,-1.760206804055773,5.1360829076978325,-1.7752734897974898,2.9235001419314544,0.15,-0.03671795107550185,0.03418281978543076,0.32,0.007555966513755179,0.0075429194406653605,0
60.900000000000006,0.3464444607096979,dt,1,0,-0.38402210649753943,1.470081327082468,-0.3879770675737878,1.5120229324262122,-1.760206804055773,5.1360829076978325,-1.780025596670988,2.917697773426882,0.15,-0.08135689224892517,0.035368006172836794,0.32,0.007770896984759971,0.007588514949484283,0
60.95,0.3470818075786037,dt,1,0,-0.3896967336979128,1.4651773892630433,-0.393675064209417,1.506324935790583,-1.760206804055773,5.1360829076978325,-1.7848354886591116,2.9119432153150386,0.15,-0.039435731195157656,0.03605302036570594,0.32,0.007564521502336508,0.0075837162600547285,0
61.0,0.34762961309920487,dt,1,0,-0.39538101937939485,1.460284650123124,-0.3985725449465921,1.501427455053408,-1.760206804055773,5.1360829076978325,-1.7897026847766702,2.9062370430469397,0.15,0.03510244714971275,0.03650725866527754,0.32,0.007551166374967344,0.007577206283037252,0
61.050000000000004,0.3480130769636257,dt,1,0,-0.4010567089543425,1.455381941907369,-0.40200078146261475,1.4979992185373852,-1.760206804055773,5.1360829076978325,-1.794626698308108,2.900579827235057,0.15,0.07727207691001114,0.03742679612745492,0.32,0.007744795585988154,0.007610724143627433,0
61.1,0.3482815016687203,dt,1,0,-0.4067134140924105,1.4504573417224855,-0.4044005470238301,1.4955994529761698,-1.760206804055773,5.1360829076978325,-1.7996070368561752,2.8949721335962573,0.15,0.09946379022589588,0.038996154701333705,0.32,0.007901465274163588,0.007668872369734664,0
61.150000000000006,0.34862130630284877,dt,1,0,-0.412345558409038,1.4455046706858952,-0.40743846210037193,1.492561537899628,-1.760206804055773,5.1360829076978325,-1.8046432023911672,2.889414522895231,0.15,0.10650153191940141,0.04055998467357686,0.32,0.007958587198004274,0.007726815335388586,0
61.2,0.34901732053868045,dt,1,0,-0.41795124964408864,1.440522078411057,-0.41134304138514866,1.489664239653713,-1.760206804055773,5.1360829076978325,-1.8097346913007273,2.8839075508884178,0.15,0.10212882742974436,0.04238875491652255,0.12,0.007922684890244544,0.007765989246359779,0
61.25,0.3494522447524122,dt,1,0,-0.42353142458826065,1.4355109260892418,-0.41667774686024983,1.4883305632849375,-1.760206804055773,5.1360829076978325,-1.8148087993983497,2.8783845601213023,0.15,0.08938928116551442,0.04477030262923535,0.12,0.007825856326438278,0.0077779626623754785,0
61.300000000000004,0.3499139829383362,dt,1,0,-0.42908914670680914,1.430474883510689,-0.4223413478986394,1.48691466302534,-1.760206804055773,5.1360829076978325,-1.8198491339339053,2.872830730112229,0.15,0.004413445922575462,0.04667947360077389,0.12,0.00750081156046256,0.007722532441992895,0
61.35,0.3510705589753858,dt,1,0,-0.4346457573749673,1.4254376146194634,-0.4365277103094116,1.483368072422647,-1.760206804055773,5.1360829076978325,-1.8248374780571945,2.8672301566676923,0.15,-0.06493136273945045,0.047727215606070315,0.12,0.00767365956809398,0.007712757867213113,0
61.400000000000006,0.35205790825124184,dt,1,0,-0.44021869256719515,1.420418412158591,-0.44863836642246735,1.4803404083943832,-1.760206804055773,5.1360829076978325,-1.8297695679643349,2.861579980639648,0.15,-0.03934239976023145,0.049217893486430055,0.12,0.0075642177561072235,0.007683049844991936,0
61.45,0.35292676956824,dt,1,1,-0.4458014903441371,1.415410182033909,-0.45677532531685355,1.4732246746831466,-1.760206804055773,5.1360829076978325,-1.8248942254782239,2.8672791942383054,0.15,0.024890239258351942,0.05076670464444196,0.32,9.739179017633008,1.9539822434025953,1
61.5,0.3537061052525453,dt,1,1,-0.4513780509970387,1.4103950079307985,-0.4637427277217975,1.4662572722782024,-1.760206804055773,5.1360829076978325,-1.8199621355710836,2.8729293702663496,0.15,0.05217945573735306,0.0515285413401774,0.32,9.747049433378942,3.512595681397865,0
61.550000000000004,0.35425164023155903,dt,1,1,-0.45694150823294194,1.4053653018176866,-0.468619909405258,1.461380090594742,-1.760206804055773,5.1360829076978325,-1.8149737914477944,2.878529943710886,0.15,0.05904010434918314,0.05202257147021616,0.32,9.75494313751275,4.761065172620842,0
61.6,0.3546335147168686,dt,1,1,-0.46249009353082476,1.4003191942888957,-0.4720339365836805,1.4579660634163196,-1.760206804055773,5.1360829076978325,-1.8099296919386116,2.8840803545192375,0.15,0.05543573535405956,0.05275288446874264,0.32,9.762851047925452,5.761422347681764,0
61.650000000000006,0.35505640131660615,dt,1,1,-0.46802467079821325,1.3952577266685995,-0.4758146195055157,1.4541853804944842,-1.760206804055773,5.1360829076978325,-1.804830341449283,2.8895800476549485,0.15,-0.0209166608293642,0.05354458531346144,0.32,9.770874786230403,6.563312835391492,0
61.7,0.35552359130199496,dt,1,1,-0.4735645384879444,1.3902020500590573,-0.47999138273260356,1.4500086172673965,-1.760206804055773,5.1360829076978325,-1.799676249910608,2.8950284731532885,0.15,-0.07279962623525811,0.054321109438030646,0.32,9.778885102970143,7.206427288907223,0
61.75,0.35602184448444524,dt,1,1,-0.47719488020935485,1.3869131442679916,-0.4856236131733943,1.4471881934133028,-1.760206804055773,5.1360829076978325,-1.7944679327274455,2.9004250861762477,0.09797200072820464,-0.10707547845970372,0.056161892204336115,0.32,9.78560927865674,7.722263686857127,0
61.800000000000004,0.35648256819995583,dt,1,1,-0.4793206386081153,1.3850079365454553,-0.4908337231560135,1.4445831384219932,-1.760206804055773,5.1360829076978325,-1.7892059107271734,2.905769347067021,0.057091734028360305,-0.12862555338007653,0.05731270520057154,0.32,9.792576494242235,8.136326248334148,0
61.85,0.3568704066038877,dt,1,1,-0.4805974458363436,1.3838783228385931,-0.49521960708588475,1.4423901964570576,-1.760206804055773,5.1360829076978325,-1.7838907101076067,2.9110607214039734,0.03409553533697272,-0.14095537401932406,0.05798318936421122,0.32,9.799958347682358,8.46905266820379,0
61.900000000000006,0.3571809778952829,dt,1,1,-0.48139939100787343,1.3831788414614827,-0.49873171321617193,1.440634143391914,-1.760206804055773,5.1360829076978325,-1.778522862384378,2.9162986800540804,0.021282765375431424,-0.14662794146354402,0.05840841033477772,0.32,9.80757493148206,8.736757120859446,0
61.95,0.3574228199238242,dt,1,1,-0.4819414161948835,1.3827130230146212,-0.5014665921136544,1.4392667039431726,-1.760206804055773,5.1360829076978325,-1.7731029043377868,2.921482699225842,0.014293748686608976,-0.14754018486324932,0.058700638511419684,0.32,9.815325502289413,8.95247079714544,0
62.0,0.3576085557065187,dt,1,1,-0.48234812545795663,1.382368679046266,-0.5035669916003058,1.438216504199847,-1.760206804055773,5.1360829076978325,-1.7676313779591208,2.9266122605216607,0.01065805222753477,-0.14510586560969957,0.0589158513026478,0.32,9.823153342248535,9.12660730616606,0
62.050000000000004,0.35775085629861775,dt,1,1,-0.48269278426439494,1.3820811376147544,-0.5051762027402315,1.4374118986298843,-1.760206804055773,5.1360829076978325,-1.7621088303964585,2.931686850989682,0.008977076755630814,-0.14038106414083465,0.059084255322401184,0.32,9.83102650895933,9.267491146724714,0
62.1,0.35786083260854196,dt,1,1,-0.48301900793840963,1.3818128371883278,-0.5064198736234482,1.436790063188276,-1.760206804055773,5.1360829076978325,-1.7565358138999538,2.936705963175087,0.008447650662954685,-0.1341533444278423,0.0592237528441288,0.32,9.838926734626604,9.381778264305092,0
62.150000000000006,0.3579475864987472,dt,1,1,-0.4833529636548059,1.3815419123208588,-0.5074009329745786,1.4362995335127107,-1.760206804055773,5.1360829076978325,-1.7509128857666123,2.941669095170841,0.008600621008435422,-0.12700697148690748,0.0593457728414543,0.32,9.846843380727567,9.474791287589587,0
62.2,0.35801827664072056,dt,1,1,-0.4837103445781146,1.3812557274295183,-0.5082003348763451,1.4358998325618275,-1.760206804055773,5.1360829076978325,-1.7452406082845615,2.9465757506678796,0.009156919053406622,-0.11937165338747499,0.05945792775419942,0.32,9.8547701257839,9.55078705522845,0
62.25,0.35807838124102487,dt,1,1,-0.4841004356296814,1.3809471519800172,-0.5088800298160765,1.4355599850919618,-1.760206804055773,5.1360829076978325,-1.739519548676823,2.9514254390047423,0.009947659755889734,-0.11155950623721927,0.05956535795710164,0.32,9.86270313523065,9.613170271228892,0
62.300000000000004,0.35813200776263915,dt,1,1,-0.4844521410568448,1.3806721162772664,-0.50948646718014,1.43525676640993,-1.760206804055773,5.1360829076978325,-1.7337502790445896,2.9562176752166365,0.008929531796994086,-0.14251367905419254,0.05967151036025465,0.32,9.870647957266655,9.664665808436446,1
62.35,0.35817992906904295,dt,1,1,-0.48473691057933194,1.380452676864508,-0.5100283869217754,1.4349858065391121,-1.760206804055773,5.1360829076978325,-1.727933376310017,2.9609519800839346,0.007190197126903495,-0.16263389138522516,0.05976451254089507,0.32,9.878555558942056,9.707443758537568,0
62.400000000000006,0.3582218461926544,dt,1,1,-0.4849571174406517,1.3802858247768401,-0.5105024081557997,1.4347487959221001,-1.760206804055773,5.1360829076978325,-1.7220694221585315,2.965627880180095,0.005525601539431901,-0.17455455405040968,0.0598396319217456,0.32,9.886451453233443,9.743245297476744,0
62.45,0.3582576321527927,dt,1,1,-0.4851276663022322,1.3801589266071645,-0.5109070949168177,1.4345464525415912,-1.760206804055773,5.1360829076978325,-1.7161590029806615,2.970244907919005,0.004251590744812117,-0.1805678992670221,0.05989812421841439,0.32,9.894348091697383,9.773465856320872,0
62.5,0.35828764844208555,dt,1,1,-0.4852664196168695,1.3800576194722196,-0.5112465351566428,1.4343767324216785,-1.760206804055773,5.1360829076978325,-1.7102027098133994,2.974802601601738,0.0034360219972282132,-0.18256640582917572,0.05994344639694823,0.32,9.902250729824592,9.799222831021616,0
62.550000000000004,0.3583126796096726,dt,1,1,-0.48539001054118264,1.3799691009475172,-0.5115296009762027,1.4342351995118985,-1.760206804055773,5.1360829076978325,-1.7042011382810982,2.979300505462724,0.003040410879341808,-0.18186357570491624,0.05997932093472054,0.32,9.910160782158796,9.821410421249052,0
62.6,0.3583337636962732,dt,1,1,-0.48551232441044145,1.3798831689974573,-0.5117680310946747,1.4341159844526628,-1.760206804055773,5.1360829076978325,-1.6981548885359101,2.983738169715325,0.0029896476484132946,-0.17936755479313182,0.06000895446345899,0.32,9.918077911330256,9.840743919265293,0
62.650000000000006,0.35835203027604,dt,1,1,-0.4856442476994588,1.3797922420166842,-0.5119745993402149,1.4340127003298924,-1.760206804055773,5.1360829076978325,-1.692064565197771,2.9881151505968138,0.0032044637627951897,-0.17570324823322034,0.06003481744395345,0.32,9.926001098900532,9.85779535519234,0
62.7,0.3583685815454093,dt,1,1,-0.48579396610242465,1.3796909784192217,-0.5121617699391287,1.4339191150304356,-1.760206804055773,5.1360829076978325,-1.6859307772939396,2.9924310104127496,0.00361496425197634,-0.17129823143660972,0.06005866762127606,0.32,9.933929174906407,9.873022119135154,0
62.75,0.35838441944812904,dt,1,1,-0.48596745151999937,1.3795757929599517,-0.5123408734067514,1.4338295632966243,-1.760206804055773,5.1360829076978325,-1.6797541381980945,2.9966853175807473,0.0041648471827117105,-0.16644312007468004,0.06008166219832128,0.32,9.94186105993522,9.886789907295167,0
62.800000000000004,0.35840041013059515,dt,1,1,-0.4861689660840297,1.3794444006760065,-0.5125217045893897,1.433739147705305,-1.760206804055773,5.1360829076978325,-1.6735352655689983,3.0008776466736355,0.004811322138316699,-0.16133389354037964,0.06010448807905402,0.32,9.949795857245672,9.89939109728527,0
62.85,0.35841727459690215,dt,1,1,-0.4864015095983002,1.3792954361994099,-0.5127124169866458,1.4336437915066769,-1.760206804055773,5.1360829076978325,-1.6672747812887316,3.0050075784619987,0.0055232925440182115,-0.15610146913136003,0.06012748104782603,0.32,9.957732870033892,9.911059451834994,0
62.900000000000006,0.3584355957030203,dt,1,1,-0.48666718670520437,1.3791281568137623,-0.5129196018453044,1.4335401990773478,-1.760206804055773,5.1360829076978325,-1.6609733114005052,3.0090746999560993,0.006279067382838595,-0.15083228309868735,0.060150724242693875,0.32,9.965671584621267,9.921981878392248,0
62.95,0.35845583399606484,dt,1,1,-0.4869674940474108,1.378942220819568,-0.5131484672782587,1.4334257663608707,-1.760206804055773,5.1360829076978325,-1.6546314860460567,3.0130786044471773,0.00706418271904395,-0.14558254495051762,0.060174124926706665,0.32,9.973611641168736,9.932307830947547,0
63.0,0.3584783472480567,dt,1,1,-0.49337275360931343,1.3750405993688561,-0.5134030591627119,1.433298470418644,-1.760206804055773,5.1360829076978325,-1.6482499394026369,3.0170188915481204,0.15,-0.07255900967546523,0.0601974720112244,0.32,9.986026453995173,9.943051555557073,0
63.050000000000004,0.35880873899575294,dt,1,1,-0.4997921258765484,1.371162241508285,-0.5171393056047674,1.4314303471976162,-1.760206804055773,5.1360829076978325,-1.641829309619592,3.0208951672335016,0.15,-0.021976810129114135,0.06047927925228171,0.32,9.99388870765158,9.953218985975974,0
63.1,0.35921795237359055,dt,1,1,-0.506215755964105,1.3672909398540298,-0.5216751905442485,1.4289530059098448,-1.760206804055773,5.1360829076978325,-1.63537023875455,3.024707043878983,0.15,0.012211762974540257,0.06060906234858527,0.22330988590040757,10.001762517986604,9.9629276923781,0
63.150000000000006,0.35968233782788755,dt,1,1,-0.5126370210834761,1.3634157167292604,-0.5266541079451045,1.4258411825343098,-1.760206804055773,5.1360829076978325,-1.6288733727092146,3.028454140300076,0.15,0.03449258962789919,0.06050345736145179,0.2233073903278832,10.009645421977883,9.972271238298058,1
63.2,0.36018534546514525,dt,1,1,-0.5190515933325798,1.3595294250699754,-0.5320471138085143,1.4224705538696787,-1.760206804055773,5.1360829076978325,-1.6223393611647767,3.0321360817902616,0.15,0.048183752159591656,0.060406127895830324,0.2233038262449859,10.017535526317555,9.981324095901957,0
63.25,0.36071539315702783,dt,1,1,-0.5254567841693614,1.3556276907960392,-0.5377300301272274,1.4189187311704827,-1.760206804055773,5.1360829076978325,-1.6157688575169455,3.035752500158459,0.15,0.055732873370647064,0.06032409487956014,0.22330053312793527,10.025431383041361,9.990145553329839,0
63.300000000000004,0.3612643743243483,dt,1,1,-0.5318510774077404,1.3517081227099332,-0.5436159420597022,1.415240036212686,-1.760206804055773,5.1360829076978325,-1.6091625188106105,3.039303033765845,0.15,0.05894028379332094,0.06026155002929377,0.22329840717396707,10.03333188546322,9.998782819756515,0
63.35,0.3618266139252937,dt,1,1,-0.5382337918732172,1.347769727598699,-0.5496440045381766,1.4114724971636394,-1.760206804055773,5.1360829076978325,-1.6025210056741368,3.0427873275620176,0.15,0.06445209235385271,0.06022069166107499,0.2232979254935591,10.041227804987622,10.007271816802737,0
63.400000000000006,0.3623981382149413,dt,1,1,-0.5446037813275978,1.3438107840084115,-0.5557716129815681,1.4076427418865198,-1.760206804055773,5.1360829076978325,-1.5958449822533036,3.046205033120501,0.15,0.06611913430358457,0.06020231461779768,0.22329938300650165,10.049128146403543,10.015643082722898,0
63.45,0.3629761641567284,dt,1,1,-0.550960647899782,1.3398308031813915,-0.5619689290109144,1.4037694193681785,-1.760206804055773,5.1360829076978325,-1.5891351161448897,3.049555808673587,0.15,0.06514238829666183,0.06020823224117338,0.22330297632835636,10.057032116225546,10.023920889423428,0
63.5,0.36355874176590686,dt,1,1,-0.5573045175026461,1.3358301384288962,-0.5682150458279857,1.3998655963575088,-1.760206804055773,5.1360829076978325,-1.5823920783299144,3.052839319146513,0.15,0.06239209790300273,0.06023891796978528,0.22330864217931537,10.06493910705035,10.032124532948812,0
63.550000000000004,0.3641445041435127,dt,1,1,-0.5636358757633703,1.3318097028089217,-0.5744953081997762,1.3959404323751399,-1.760206804055773,5.1360829076978325,-1.5756165431065399,3.0560552361909674,0.15,0.058495899029195365,0.060293918893523056,0.2233161572544882,10.07284864913052,10.040269356185153,0
63.6,0.36473249274927955,dt,1,1,-0.5699554480105087,1.3277707664869183,-0.5807994391187548,1.3920003505507783,-1.760206804055773,5.1360829076978325,-1.5688091880226425,3.0592032382179264,0.15,0.053903707165105945,0.060372157334664125,0.22332521546141285,10.080760374673412,10.048367559882806,0
63.650000000000006,0.3652960535871704,dt,1,1,-0.5762641116360393,1.323714812436401,-0.5868416672640427,1.388223957959973,-1.760206804055773,5.1360829076978325,-1.5619706938080578,3.06228301042981,0.15,0.048965770457948754,0.06047609679545912,0.22333531230566203,10.088673943947358,10.056428836695718,0
63.7,0.3658684203900717,dt,1,1,-0.5825628262183156,1.3196434251284899,-0.5929783087291631,1.3843885570442729,-1.760206804055773,5.1360829076978325,-1.5551017443065083,3.065294244851964,0.15,0.0438880989813341,0.060599672888577795,0.22334630366679806,10.096589142696489,10.064460897895874,0
63.75,0.36644693734791023,dt,1,1,-0.5888525913698539,1.3155582257039216,-0.5991808891963594,1.3805119442522753,-1.760206804055773,5.1360829076978325,-1.5482030264072202,3.068236640363455,0.15,0.038816052536375996,0.06074106971274486,0.2233578951142311,10.10450579158603,10.072469876633907,0
63.800000000000004,0.3670297459415277,dt,1,1,-0.5940612855677125,1.3121607896362912,-0.6054902737741358,1.3767058357355184,-1.760206804055773,5.1360829076978325,-1.5412752299762345,3.071109902727184,0.12437534656103215,-0.02697419916877542,0.06130165237978244,0.32,10.11172400580686,10.080320702468498,0
63.85,0.3675851664706987,dt,1,1,-0.5973175481303956,1.3100431062822797,-0.6115119001235235,1.3730928599258858,-1.760206804055773,5.1360829076978325,-1.5343190477874211,3.073913744619309,0.07768610857801918,-0.07532586037898674,0.061818848320420526,0.32,10.118276555981996,10.0879118731712,0
63.900000000000006,0.36806606701473266,dt,1,1,-0.5994273570754834,1.3086822888985492,-0.6167256134007615,1.3699646319595429,-1.760206804055773,5.1360829076978325,-1.5273351754532023,3.0766478856579775,0.05021202141573679,-0.11085582750621825,0.062073510870342206,0.32,10.12540746053392,10.095410990643744,0
63.95,0.3684622374497196,dt,1,1,-0.6008416578180352,1.3077811322020763,-0.6210207199099258,1.3673875680540444,-1.760206804055773,5.1360829076978325,-1.5203243113549914,3.079312052431364,0.03354000585557967,-0.13672419069168423,0.0621266652167272,0.32,10.132856431650428,10.102900078845082,0
64.0,0.36877933412453245,dt,1,1,-0.601786595681922,1.3071880848373738,-0.6244585433105231,1.365324874013686,-1.760206804055773,5.1360829076978325,-1.5132871565733559,3.0819059785250116,0.022312442657743188,-0.15520100497180073,0.062059085459025526,0.32,10.140460050472035,10.110412073170473,1
64.05,0.3690277678842674,dt,1,1,-0.6024156573023504,1.3068000543495923,-0.6271519534297532,1.363708827942148,-1.760206804055773,5.1360829076978325,-1.5062244148179098,3.084429404548472,0.014782235037285298,-0.1679713718686629,0.061930530890866024,0.32,10.148167435415182,10.117963145619417,0
64.10000000000001,0.36921920778634204,dt,1,1,-0.6088317874977112,1.3029163353437707,-0.6292274610822657,1.3624635233506406,-1.760206804055773,5.1360829076978325,-1.499136792356943,3.086882078161246,0.15,-0.1270063310279691,0.061782213439733134,0.32,10.160401341943587,10.126450784884252,0
64.15,0.36953117387467943,dt,1,1,-0.6152724510027273,1.2990734388300518,-0.632609660909218,1.3604342034544692,-1.760206804055773,5.1360829076978325,-1.4920249979467952,3.0892637540980163,0.15,-0.10926277778681827,0.06219622270908922,0.32,10.168330809581663,10.134826789823736,0
64.2,0.3699275091034857,dt,1,1,-0.6217340125672862,1.295265785727757,-0.6369065540408646,1.3578560675754812,-1.760206804055773,5.1360829076978325,-1.4848897427609808,3.0915741941931736,0.15,-0.11106696519070351,0.06251855988668058,0.32,10.176286049061245,10.143118641671238,0
64.25,0.3703828976849376,dt,1,1,-0.6282166196109092,1.2914940744559376,-0.6418436777827143,1.3548937933303713,-1.760206804055773,5.1360829076978325,-1.4777317403190726,3.093813167404634,0.15,-0.09698306825899666,0.06276521289068995,0.32,10.184216487559777,10.151338210848946,0
64.3,0.3708796130407904,dt,1,1,-0.6347174399726431,1.28775384256146,-0.6472288483298192,1.3516626910021086,-1.760206804055773,5.1360829076978325,-1.4705517064153497,3.0959804498369423,0.15,-0.12207205746897151,0.06293537985141524,0.32,10.192204879898952,10.159511544658947,0
64.35000000000001,0.3714052434188863,dt,1,1,-0.6412409679924701,1.284053358515483,-0.6529275028961259,1.3482434982623244,-1.760206804055773,5.1360829076978325,-1.4633503590472192,3.098075824763661,0.15,-0.1243981880178612,0.06303222825194076,0.32,10.200164080891279,10.167642051905414,0
64.4,0.37195109109611746,dt,1,1,-0.6477873863510464,1.2803935215417237,-0.6588453445734456,1.3446927932559327,-1.760206804055773,5.1360829076978325,-1.4561284183434169,3.1000990826490438,0.15,-0.03251286498315485,0.06304510526433643,0.32,10.207974690285441,10.17570857958142,0
64.45,0.3725110604055746,dt,1,1,-0.6543397456461113,1.2767443315400415,-0.6649162868083471,1.3410502279149918,-1.760206804055773,5.1360829076978325,-1.4488866064919947,3.1020500211689876,0.15,0.03804754398509913,0.0629731158770099,0.32,10.215793883006063,10.18372564026635,0
64.5,0.3730809057576678,dt,1,1,-0.6608851509528902,1.2730826830902322,-0.6710943007761817,1.337343419534291,-1.760206804055773,5.1360829076978325,-1.441625647668103,3.103928445231267,0.15,0.09362662480511239,0.06285099962248696,0.32,10.223617423898963,10.191703996992873,0
64.55,0.373657674941791,dt,1,1,-0.6674133432123021,1.2693904336641837,-0.6773473799013172,1.3335915720592095,-1.760206804055773,5.1360829076978325,-1.4343462679615735,3.105734166995041,0.15,0.02318931361894775,0.06270586048569539,0.32,10.231623814138764,10.199687960422052,0
64.60000000000001,0.37423931415676553,dt,1,1,-0.6739372500480562,1.2656906175068048,-0.6836532577700299,1.3298080453379821,-1.760206804055773,5.1360829076978325,-1.4270491953043105,3.1074670058896374,0.15,0.015293228737555665,0.06255918227718471,0.32,10.239551304963944,10.20766062933043,0
64.65,0.37469164957378365,dt,1,1,-0.6804583258700595,1.2619858138515914,-0.6885572804390205,1.3268656317365877,-1.760206804055773,5.1360829076978325,-1.4197351593974992,3.1091267886326115,0.15,-0.009492790728321512,0.06289768159447044,0.32,10.247507629697953,10.215630029403936,0
64.7,0.37500828436569633,dt,1,1,-0.6869811594037436,1.2582841057739809,-0.6919900963073146,1.3248059422156113,-1.760206804055773,5.1360829076978325,-1.412404891638635,3.1107133492470718,0.15,-0.0392129540165008,0.06381100358405103,0.32,10.255478677161976,10.223599758955546,0
64.75,0.37522992872003524,dt,1,1,-0.6935112381408725,1.254595193781686,-0.6943930674151204,1.3233641595509278,-1.760206804055773,5.1360829076978325,-1.4050591250483853,3.1122265290782787,0.15,-0.018268003351684353,0.06515420708429505,0.32,10.263377987266285,10.231555404617694,0
64.8,0.3755384614831157,dt,1,1,-0.7000446836063431,1.2509122479024037,-0.6977380446319111,1.3213571732208533,-1.760206804055773,5.1360829076978325,-1.3976985941972877,3.1136661768095104,0.15,-0.06430314171532113,0.06622436324984222,0.32,10.27137726629936,10.239519776954028,0
64.85000000000001,0.375923587429289,dt,1,1,-0.7065899365321012,1.247250327076136,-0.7021880699056335,1.3195623860188734,-1.760206804055773,5.1360829076978325,-1.3903240351322936,3.1150321484771935,0.15,-0.09789509803495702,0.06760183209148879,0.20828260847129376,10.279369707201043,10.247489763003433,1
64.9,0.3763625054909911,dt,1,1,-0.713153035183725,1.2436204873979884,-0.7076296886768498,1.31847406226463,-1.760206804055773,5.1360829076978325,-1.382936185303164,3.1163243074852995,0.15,-0.12320239280863153,0.06946526035078228,0.2074546294655597,10.287358287026416,10.25546346780803,0
64.95,0.37683934396540697,dt,1,1,-0.719738369415823,1.2400311458077302,-0.7135414371776007,1.3172917125644799,-1.760206804055773,5.1360829076978325,-1.3755357834887254,3.1175425246190045,0.15,-0.03110190106469226,0.0711208311351127,0.20664356751663862,10.295167900656159,10.263404354377656,0
65.0,0.3773430556323412,dt,1,1,-0.7263292774502995,1.2364520493741211,-0.7197863541706286,1.3160427291658743,-1.760206804055773,5.1360829076978325,-1.368123569722992,3.11868667805761,0.15,0.03875473713802585,0.07257227199388953,0.20599875735368012,10.30298773364323,10.271321030230771,0
65.05,0.37835224973471826,dt,1,1,-0.7329132377681961,1.2328601882225223,-0.7322981417922175,1.3135403716415566,-1.760206804055773,5.1360829076978325,-1.3608948940016876,3.1197286029201243,0.15,0.002122548411859826,0.07403899626837802,0.20507800341030838,10.310956352140245,10.279248094612665,0
65.10000000000001,0.3792365312708645,dt,1,1,-0.7394968168540564,1.2292676283524266,-0.7432612882789981,1.3113477423442004,-1.760206804055773,5.1360829076978325,-1.3585286153785343,3.120045552499913,0.15,0.00883787786060907,0.07570203183010332,0.2045647623163356,10.318866670360935,10.28717180976232,0
65.15,0.3800333733342159,dt,1,1,-0.7460788077669132,1.2256721595897933,-0.7528644650784749,1.3085677674607628,-1.760206804055773,5.1360829076978325,-1.354969789422859,3.1204860575235553,0.15,-0.020205562398327215,0.07690639469439246,0.32,10.326831555940275,10.295103758997913,0
65.2,0.3807690049285405,dt,1,1,-0.7526644277435803,1.2220833423023123,-0.7611833802636272,1.3044083098681862,-1.760206804055773,5.1360829076978325,-1.3558088413579725,3.1203907100188566,0.15,-0.06453426456826371,0.07717872389839553,0.32,10.334828605640913,10.303048728326512,0
65.25,0.38146179563201155,dt,1,1,-0.7592615935007203,1.2185157935678421,-0.7690178277611261,1.300491086119437,-1.760206804055773,5.1360829076978325,-1.3610115677005405,3.1198521278614444,0.15,-0.07477070085646617,0.07744348087548758,0.32,10.342783916938423,10.310995766048896,0
65.3,0.38212461705718165,dt,1,1,-0.7658720505296867,1.2149729334424364,-0.7765133666442197,1.2967433166778901,-1.760206804055773,5.1360829076978325,-1.3684790515078167,3.119154499315535,0.15,0.007240227474406433,0.07768405125045517,0.32,10.35059625654071,10.31891586414726,0
65.35000000000001,0.3827664800844116,dt,1,1,-0.7724812245698625,1.2114276804886028,-0.7837718967633798,1.2931140516183102,-1.760206804055773,5.1360829076978325,-1.3759531381132022,3.118531579244261,0.15,0.07135214363685735,0.0778965954247055,0.32,10.35841481017565,10.326815653352938,0
65.4,0.38339367039571903,dt,1,1,-0.7790777085068217,1.207858871209664,-0.7908644999698885,1.2895677500150557,-1.760206804055773,5.1360829076978325,-1.383433080114265,3.11798342993911,0.15,-0.0027053966201458085,0.07798343096861769,0.32,10.366433510287077,10.334739224739767,0
65.45,0.38401057045184667,dt,1,1,-0.7856746751356565,1.2042909542686409,-0.797840735471781,1.2860796322641095,-1.760206804055773,5.1360829076978325,-1.390918129523038,3.117510106214555,0.15,-0.05292869113969199,0.077063360520313,0.32,10.374435033566874,10.34267838650519,0
65.5,0.3852224918774721,dt,1,1,-0.7922810609108623,1.2007405082418494,-0.8115457905953354,1.2792271047023323,-1.760206804055773,5.1360829076978325,-1.398407537840818,3.1171116554025753,0.15,-0.016241372849667774,0.0756262059673028,0.32,10.382313007169067,10.350605310637967,0
65.55,0.38624125005807824,dt,1,1,-0.7988903277133278,1.197195428223877,-0.8230664525190846,1.2734667737404577,-1.760206804055773,5.1360829076978325,-1.4059005561330145,3.1167881173479195,0.15,-0.06444067920905275,0.074719811219089,0.32,10.390315051565542,10.358547258823483,0
65.60000000000001,0.3871247522736956,dt,1,1,-0.8055109825572088,1.193671661852763,-0.8324172195166353,1.2675827804833646,-1.760206804055773,5.1360829076978325,-1.4133964351040422,3.116539524404123,0.15,0.01481213147142952,0.07412107831896518,0.12,10.39812892443373,10.366463591945532,0
65.65,0.38791340878019626,dt,1,1,-0.8121290258610819,1.1901429931479879,-0.8394679517629918,1.2605320482370082,-1.760206804055773,5.1360829076978325,-1.4208944251722506,3.116365901430274,0.15,0.07254624016507535,0.07327279772327919,0.12,10.4059554876925,10.374361971094926,0
65.7,0.38860238970592653,dt,1,1,-0.8187342260726087,1.1865903420019215,-0.8456275662340942,1.254372433765906,-1.760206804055773,5.1360829076978325,-1.4283937765448813,3.1162672657885246,0.15,0.015773890074947908,0.07176139345916131,0.12,10.413946649150855,10.382278906706112,1
65.75,0.38908467635393773,dt,1,1,-0.8253366222736473,1.183032482476236,-0.8499392963638661,1.2500607036361338,-1.760206804055773,5.1360829076978325,-1.4358937392930464,3.1162436273423566,0.15,-0.04337980886780929,0.07026589107022554,0.12,10.42195718788129,10.390214562941148,0
65.8,0.38942227700754556,dt,1,1,-0.8319467199014005,1.179488951842592,-0.8529575074547063,1.2470424925452934,-1.760206804055773,5.1360829076978325,-1.443393563426721,3.1162949884555955,0.15,-0.02636017072775382,0.06911524975954314,0.12,10.429863605508272,10.398144371454574,0
65.85000000000001,0.38970533548934394,dt,1,1,-0.8385614821900723,1.1759541364493409,-0.8554881016345172,1.2445118983654826,-1.760206804055773,5.1360829076978325,-1.4508924989697416,3.1164213439921724,0.15,-0.02615712404992963,0.06822345675878445,0.12,10.437791937022864,10.406073884568233,0
65.9,0.3900813704600395,dt,1,1,-0.8451808618504285,1.1724279752346398,-0.8588499224928839,1.2411500775071163,-1.760206804055773,5.1360829076978325,-1.458389796034803,3.1166226813166387,0.15,-0.04107633506938574,0.06724759218828306,0.12,10.445744085667698,10.414007924788127,0
65.95,0.39052249513360027,dt,1,1,-0.8518074696338643,1.1689154164401843,-0.8635337277793699,1.2382331361103152,-1.760206804055773,5.1360829076978325,-1.4658847048984462,3.11689898029543,0.15,-0.07411151509790831,0.06626696675620214,0.32,10.453728921766583,10.421952124183818,0
66.0,0.39202046835251353,dt,1,1,-0.8584470479443287,1.1654274371026292,-0.8804736094455592,1.2297631952772203,-1.760206804055773,5.1360829076978325,-1.4733764760760308,3.117250213298879,0.15,0.007885394371151058,0.06311430954726668,0.32,10.461540950441634,10.42986988943538,0
66.05,0.3930690496057528,dt,1,1,-0.8650852505341403,1.1619368402515708,-0.8923315266118915,1.2238342366940542,-1.760206804055773,5.1360829076978325,-1.4808643603966822,3.1176763452039773,0.15,0.06440038237682782,0.060432836529242265,0.32,10.469371297342484,10.437770171016801,0
66.10000000000001,0.3938030564830203,dt,1,1,-0.8717121789406298,1.158424886394348,-0.9003160343141617,1.2193679313716763,-1.760206804055773,5.1360829076978325,-1.4883500913090257,3.118138765692261,0.15,0.0030496510339443478,0.05786437793218986,0.1204041545864742,10.477372019745722,10.445690540762588,0
66.15,0.3943168612971075,dt,1,1,-0.8783385717583947,1.1549119220870039,-0.9032212240199133,1.2135575519601731,-1.760206804055773,5.1360829076978325,-1.4958308238101297,3.1186760191212204,0.15,-0.06071631864628965,0.05887155304217441,0.12,10.48539336424053,10.453631105458177,0
66.2,0.39467652466696856,dt,1,1,-0.8849755987378065,1.1514190904456905,-0.9052548568139391,1.209490286372122,-1.760206804055773,5.1360829076978325,-1.5033058098329777,3.119288051765961,0.15,-0.1089762952215067,0.05794938952685613,0.12,10.493407625653024,10.461586409497146,0
66.25,0.3949282890258713,dt,1,1,-0.8916315588906137,1.1479624744062318,-0.9066783997697572,1.206643200460486,-1.760206804055773,5.1360829076978325,-1.5107743018851965,3.119974802423728,0.15,-0.13548325408352158,0.05669396051459497,0.12,10.501400453362743,10.469549218270265,0
66.3,0.39526688616048544,dt,1,1,-0.8983107818257637,1.1445510258894624,-0.9085929184408705,1.202814163118259,-1.760206804055773,5.1360829076978325,-1.5182355531238048,3.120736202420028,0.15,-0.06963310537812725,0.055623635505957794,0.12,10.50925394395045,10.477490163406301,0
66.35000000000001,0.3956818571285906,dt,1,1,-0.9050018417421468,1.1411628527540736,-0.9118785503467424,1.1990607248266287,-1.760206804055773,5.1360829076978325,-1.5256888174298964,3.1215721756154955,0.15,-0.09077916904087446,0.05490278185291748,0.32,10.517227427813435,10.48543761628773,0
66.4,0.39615029400966456,dt,1,1,-0.9117082114578429,1.137805084859118,-0.9171758849274152,1.1964120575362924,-1.760206804055773,5.1360829076978325,-1.5331333494832518,3.1224826384135085,0.15,-0.10802170260321481,0.05519420353831851,0.32,10.52520029117597,10.493390151265377,0
66.45,0.3966561593044689,dt,1,1,-0.9184326188576787,1.1344835874376176,-0.922896480012042,1.1935517599939791,-1.760206804055773,5.1360829076978325,-1.5405684048368693,3.123467499768545,0.15,-0.12277283232138961,0.05548952824715988,0.32,10.533173655609879,10.50134685213428,0
66.5,0.3971882224185348,dt,1,1,-0.9251772889144999,1.131203431065641,-0.9289133340368152,1.1905433329815924,-1.760206804055773,5.1360829076978325,-1.5479932399914094,3.124526661195291,0.15,-0.13591295158696365,0.05575738298075949,0.32,10.541148183599672,10.509307118427358,0
66.55,0.397738615349943,dt,1,1,-0.9319440938498449,1.1279691844815056,-0.9351374714314244,1.1874312642842877,-1.760206804055773,5.1360829076978325,-1.5554071124695439,3.1256600167784856,0.15,-0.14798164778630377,0.05597483877471456,0.32,10.549124234999411,10.51727054174177,1
66.60000000000001,0.39813289797008955,dt,1,1,-0.9387346437954546,1.124785094119066,-0.9395962300019977,1.1852018849990011,-1.760206804055773,5.1360829076978325,-1.5628092808902034,3.1268674531835154,0.15,-0.03301078233725964,0.05627752814486944,0.32,10.556902070978072,10.525196847589031,0
66.65,0.39856961058333223,dt,1,1,-0.9455304399546974,1.1216122161570226,-0.9445348096088011,1.1827325951955994,-1.760206804055773,5.1360829076978325,-1.5701990050427141,3.1281488496677463,0.15,-0.0701345646289182,0.056549321632944224,0.32,10.564890724529008,10.533135622977026,0
66.7,0.39905209225893945,dt,1,1,-0.9523373207274655,1.1184631886650307,-0.9499909702314991,1.1800045148842502,-1.760206804055773,5.1360829076978325,-1.577575545960819,3.1295040780925976,0.15,-0.08707699830389747,0.05680588762243417,0.32,10.57285702531663,10.541079903444947,0
66.75,0.39956668283574887,dt,1,1,-0.9591578473344518,1.1153438270631333,-0.956162685349327,1.1779457715502242,-1.760206804055773,5.1360829076978325,-1.5849381659965733,3.130933002936356,0.15,-0.10706507677955412,0.05717366025433213,0.12,10.580832423201938,10.549030407396346,0
66.8,0.4003005387497804,dt,1,1,-0.9659949748673557,1.112261021993265,-0.9649649289399916,1.1750116903533359,-1.760206804055773,5.1360829076978325,-1.592286128894109,3.1324354813077275,0.15,-0.12170616870888819,0.05735109342456385,0.12,10.588804341929839,10.556985194303046,0
66.85000000000001,0.40099205467313426,dt,0,1,-0.9728507355118025,1.1092198797759303,-0.9732593250030357,1.1722468916656548,-1.7527176279632002,5.136485699771284,-1.5996186998632596,3.134011362960128,0.15,-0.0895328793954074,0.05751998104715565,0.12,10.596705662165984,10.564929287875634,0
66.9,0.4018235802878657,dt,0,1,-0.9797200415259691,1.1062094587283469,-0.9830481666795214,1.1684759166602392,-1.751597528030533,5.1365418962789775,-1.6069351456530385,3.1356604903067047,0.15,0.001174840319597456,0.057221469888718325,0.32,10.604506363209461,10.572844702942401,0
66.95,0.4025808906189378,dt,0,1,-0.9865891706900829,1.1031986341690738,-0.9916122366047844,1.1641938816976078,-1.7503847147284117,5.13661490947694,-1.614234734624964,3.1373826984360975,0.15,0.06589392375385605,0.05592862018620948,0.32,10.612325612395002,10.580740884832922,0
67.0,0.40328625207090346,dt,0,1,-0.9934483428377022,1.1001651942983457,-0.9995888408439837,1.160205579578008,-1.7491243810466746,5.136703440529495,-1.6215167368262213,3.1391778151289285,0.15,0.1112274469389071,0.054696447508423604,0.32,10.620159282034162,10.58862456427317,0
67.05,0.4039553503879995,dt,0,1,-1.0002905389107482,1.0970936551242514,-1.0066563508622755,1.155562432758483,-1.7485106245188442,5.136752725718468,-1.6287804240626593,3.1410456608750246,0.15,0.041776911485039404,0.055491608123922766,0.32,10.628161911812805,10.596532033781097,0
67.10000000000001,0.40459923081368276,dt,0,1,-1.007126304090261,1.0940078303705492,-1.013429897584183,1.1510467349438778,-1.747880461357983,5.136797999909403,-1.636025069971607,3.1429860488913675,0.15,-0.0338311645189282,0.05532091156654446,0.32,10.636192038031195,10.604464034631116,0
67.15,0.40507176750834845,dt,0,1,-1.0139672793397085,1.0909335731209935,-1.0184009283089281,1.1477327144607146,-1.7473420791501957,5.1368312721736205,-1.6432499500945108,3.1449987851407726,0.15,-0.09199025693730332,0.0548856759042541,0.32,10.644214046641752,10.612414037033243,0
67.2,0.40540254319461444,dt,0,1,-1.0208223222629518,1.087890813432735,-1.0218806498162503,1.1454129001224997,-1.7469766370845454,5.136850190424318,-1.6504543419493791,3.147083668351292,0.15,-0.09910602713307637,0.05504725199379484,0.32,10.652170045182908,10.620365238663178,0
67.25,0.40663921758732785,dt,0,1,-1.0276923587530438,1.0848820597663797,-1.0358774328032752,1.14,-1.7463544356792882,5.13687616495628,-1.6576375251030302,3.1492404900363424,0.15,-0.034414383107901736,0.05422628043524502,0.32,10.660014167046494,10.628295024339842,0
67.3,0.40750488966222725,dt,0,1,-1.0345675622899932,1.0818851319518474,-1.0468224068947922,1.14,-1.7457360822746049,5.136904641395583,-1.6647987812431346,3.1514690345155527,0.15,0.040635018417551225,0.047533974997368805,0.32,10.667825924191508,10.636201204310176,0
67.35000000000001,0.40811086011465686,dt,0,1,-1.0414366626298293,1.078874241631483,-1.0520052560136692,1.1359894879726617,-1.7382478474020433,5.137324568166999,-1.6719708968328935,3.153662378530325,0.15,0.09641276197140829,0.04703404201497867,0.12,10.675649485438218,10.644090860535785,1
67.4,0.40853503943135755,dt,0,1,-1.0482911687994747,1.0758302729768658,-1.0544036792095683,1.1311926415808635,-1.730764186135832,5.137819355042945,-1.679120720745269,3.1559273328393616,0.15,0.022956963410818723,0.04997192554987752,0.12,10.683662325988221,10.652005153626273,0
67.45,0.408831964953048,dt,0,1,-1.0551421764404407,1.0727784383969083,-1.0560825754466978,1.1278348491066048,-1.7232838289793102,5.138361809475015,-1.686247538003828,3.1582636709491188,0.15,0.0047496121845479675,0.05065406036500953,0.12,10.691606724379712,10.659925467776961,0
67.5,0.4090398128182314,dt,0,1,-1.06199245913669,1.0697249769215549,-1.0572578028126882,1.1254843943746236,-1.7158015076614213,5.138876462460884,-1.693350635932784,3.1606711592277326,0.15,-0.06690985728541403,0.051220173620783516,0.12,10.699640162893536,10.667868406800277,0
67.55,0.4102012547242795,dt,0,1,-1.06885291881221,1.0666944500629767,-1.0685527491143085,1.12,-1.7153220190846261,5.138904628478455,-1.7004293042282628,3.1631495569283814,0.15,-0.1039190177831093,0.04965944252548826,0.32,10.707637069900004,10.675822139420223,0
67.60000000000001,0.4111440016577029,dt,0,1,-1.0757290322767887,1.0636996105643994,-1.080333899890949,1.1196661001090513,-1.7149684749586767,5.138921850617426,-1.707482835029334,3.1656986162133607,0.15,-0.03638334369889881,0.04572927637592041,0.32,10.715477838174582,10.683753279171096,0
67.65,0.4118039245110992,dt,0,1,-1.0826105824743064,1.060717284814411,-1.0862337299236644,1.113766270076336,-1.714569468324676,5.138945288981567,-1.7145323996358277,3.1682586238029726,0.15,0.024126814293567677,0.04540530317722816,0.32,10.723312962973756,10.691665215931629,0
67.7,0.4123136632282254,dt,0,1,-1.0894885299645054,1.0577266597422792,-1.0907908865316842,1.1092091134683157,-1.714231892504188,5.138968508300358,-1.7215667018234309,3.1708602757269397,0.15,0.07603142380721825,0.044396797495525074,0.32,10.731146713239811,10.699561515393267,0
67.75,0.4128481852681313,dt,0,1,-1.0963550587081787,1.054709909336245,-1.0955696105415516,1.1044303894584486,-1.7139512442772484,5.1389906337900735,-1.7285774159210883,3.1735248371994724,0.15,0.11942042547469187,0.04328954803194551,0.32,10.738980969304075,10.70744540617543,0
67.8,0.41340009052275706,main,0,0,-1.1032034520718996,1.0516522127627206,-1.1006371909096107,1.0996814045451948,-1.714084359829366,5.138978798816666,-1.7215936975268484,3.170790302981373,0.15,0.11942042547469187,0.042367193094462074,0.32,0.008072377206427322,8.56757080038163,0
67.85000000000001,0.4139137594497052,main,0,0,-1.110033465889974,1.0485536790377286,-1.1064460336367272,1.0967769831816363,-1.7142839481201693,5.138962796088393,-1.714582983429191,3.1681257415088404,0.15,0.08747838292722268,0.04390334032663028,0.32,0.007812348697717311,6.855619110044847,0
67.9,0.41427332769856895,main,0,0,-1.116849861682307,1.04542530111902,-1.1105122235457099,1.0947438882271452,-1.7146497354807104,5.138937146297839,-1.7075459746936834,3.165531419235801,0.15,0.055536340379753496,0.045183956869597516,0.32,0.007627429330333638,5.486020773901944,0
67.95,0.41452502547277353,main,0,0,-1.1236575442731394,1.0422780074017957,-1.1133585564819963,1.093320721759002,-1.7152470381784313,5.138901260548415,-1.700483375015335,3.1630075955923203,0.15,0.023594297832284283,0.0468070074057142,0.32,0.00752315969565815,4.390321251060687,0
68.0,0.4147879998834794,main,0,0,-1.1304615092183483,1.0391226847519914,-1.1163324116499982,1.091833794175001,-1.716068424216376,5.138860150779308,-1.693395890648228,3.16055452295866,0.15,-0.008347744715184902,0.048772938238435246,0.32,0.007502902973259325,3.5137575814432016,0
68.05,0.4151335260014762,main,0,0,-1.137266790562251,1.035970202265073,-1.1202681108552273,1.0899999999999999,-1.7163636579951131,5.138848332896258,-1.686284230334893,3.1581724466400383,0.15,-0.04028978726265407,0.050852719335346776,0.32,0.007567333866596785,2.812519531927881,0
68.10000000000001,0.41576724954200217,main,0,0,-1.1440784087358153,1.0328314353324113,-1.1282804840544518,1.09,-1.7166273541757697,5.138840417646732,-1.6791536152828426,3.155847725370838,0.15,-0.07223182981012324,0.053212064800942455,0.32,0.007714330708076701,2.2515584916839204,0
68.15,0.41638319736387835,main,0,0,-1.150901318404741,1.0297172895988784,-1.1360681130511996,1.09,-1.7168721995734966,5.138835518238948,-1.6720001099333333,3.1535944252988233,0.15,-0.10417387235759243,0.0554178632613355,0.32,0.007939308679049758,1.8028346550829464,0
68.2,0.4169868612782248,main,0,0,-1.1577403560770994,1.026638724394751,-1.1436407442922205,1.0893380464923237,-1.713665985204502,5.138867605627796,-1.6648244296309387,3.151412771752123,0.15,-0.027068884079555117,0.05732176258751131,0.32,0.007530468299071536,1.4437738177261716,1
68.25,0.41758215194430043,main,0,0,-1.1645835541505056,1.0235694182633708,-1.1510457957606208,1.087991673498069,-1.7104608842057658,5.138889474304425,-1.6576272919377095,3.149302982894275,0.15,-0.041392395621927494,0.05904970929131426,0.32,0.007571052206237648,1.1565332646221849,0
68.3,0.4181716391610898,main,0,0,-1.1675089581099867,1.0222645839616196,-1.1583786558725835,1.086658426204985,-1.7072576939199786,5.138901838535562,-1.6504094165614176,3.1472652697024057,0.0640642829700721,-0.05417410211307524,0.06076865590581482,0.32,0.0034777653340216006,0.9259221647645522,0
68.35000000000001,0.41865811283011073,main,0,0,-1.170576221520463,1.020906424530902,-1.1644300905118499,1.0855581653614819,-1.703903191430124,5.138905700407246,-1.6431715252835855,3.145299835946137,0.0670900942568837,-0.0490237675548887,0.06150792755765429,0.32,0.0035713839032356074,0.741452008592289,0
68.4,0.41907601509586034,main,0,0,-1.1737387423086665,1.0195153476845535,-1.169628538871603,1.0846129929324357,-1.7004482511473877,5.138901209194207,-1.6359143418873094,3.1434068781672058,0.06909886403774662,-0.04445836898161094,0.062283637854698086,0.32,0.0036293214429259763,0.5938874711624165,0
68.45,0.4194482809025441,main,0,0,-1.1769651682118085,1.0181047127099119,-1.1742592976177324,1.0837710367967759,-1.696926950073375,5.138888804102297,-1.6286385920848814,3.1415865856598133,0.07042645849437167,-0.040335490960130026,0.06307664255025972,0.32,0.0036628622734850183,0.47584254938463016,0
68.5,0.41979017608166386,main,0,0,-1.1802343487413545,1.0166832314775032,-1.1785122643488761,1.0829977701183862,-1.6933621555139033,5.13886905625143,-1.6213450034452186,3.139839140451693,0.07129698515043326,-0.03655707824264072,0.0638764900154075,0.32,0.003680137593878342,0.38141006702647984,0
68.55,0.42011185597463296,main,0,0,-1.1835319562594113,1.0152565512705607,-1.1825137652954463,1.0822702244917373,-1.6897692554267998,5.138842585132864,-1.614034305321107,3.13816471728591,0.07185995200673703,-0.03305524751671642,0.06467744494046454,0.32,0.0036868058836574385,0.3058654147979154,0
68.60000000000001,0.42042007086850897,main,0,0,-1.1868482262234141,1.0138282992121095,-1.1863477698961322,1.081573132746158,-1.6861586474936743,5.138810015670662,-1.606707228776267,3.1365634836033847,0.07221509652868244,-0.029782578232518467,0.06547639199732871,0.32,0.0036867230226147268,0.24542967644285527,0
68.65,0.42071930261341006,main,0,0,-1.1901764467869707,1.012400771948088,-1.1900700296227622,1.080896358250407,-1.6825373993990715,5.138771957208515,-1.5993645065122468,3.1350355995261516,0.07242896163608864,-0.02670550857316381,0.06627169877163101,0.32,0.003682475570428069,0.19708023626836982,0
68.7,0.4210125220667192,main,0,0,-1.1935119496716846,1.0109753913432369,-1.1937175001225173,1.080233181795906,-1.6789103560388865,5.13872899413182,-1.5920068727951542,3.133581217841345,0.07254595609025184,-0.023799862039877773,0.06706258272972024,0.32,0.0036757734231477723,0.15839934369932543,0
68.75,0.421301693811489,main,0,0,-1.1968514361346527,1.0095530057013122,-1.1973146196059192,1.0795791600716513,-1.6752808777899804,5.138681682490356,-1.5846350633822293,3.132200483985921,0.07259573197013787,-0.02104782594551253,0.06784875087729854,0.32,0.0036677285356669976,0.12745302066659375,0
68.8,0.4215881124453481,main,0,0,-1.2001925268343632,1.0081340889255874,-1.2008774920749563,1.0789313650772807,-1.6716513327351636,5.138630549573554,-1.5772498154482704,3.1308935360321155,0.07259810432821187,-0.01843591465334163,0.06863019101709783,0.32,0.0036590488823348387,0.10269422630974198,0
68.85000000000001,0.4218726266289112,main,0,0,-1.2035334612400133,1.0067188722070737,-1.2044166743481535,1.078287877391245,-1.6680234248334473,5.138576094822781,-1.5698518675119166,3.1296605046736343,0.07256633121005228,-0.01595359849263473,0.06940704930276949,0.32,0.00365017182866196,0.08288541541352598,0
68.9,0.4221557883433551,main,0,0,-1.2068728968916078,1.0053074310818177,-1.2079390327334463,1.077647448593919,-1.6643984127200977,5.138518791251569,-1.5624419593617966,3.1285015132125853,0.07250930015164875,-0.013592381575307177,0.07017955786871323,0.32,0.0036413551109799767,0.06703660335301678,0
68.95,0.4224379523148874,main,0,0,-1.210209775314504,1.0038997429518175,-1.2114489798077037,1.0770092763985994,-1.6607772556012586,5.138459086970184,-1.5550208319825505,3.1274166775471492,0.07243298552602866,-0.011345181777019694,0.07094799194278256,0.32,0.003632738526099132,0.05435583038763326,0
69.0,0.4227193422374699,main,0,0,-1.2135432324198088,1.0024957250505666,-1.2149492981868737,1.076372854875114,-1.6571607105543547,5.138397406635764,-1.5475892274807317,3.1264061061599886,0.07234141978130901,-0.009205913819255292,0.0717126444922994,0.32,0.0036243855438845597,0.04420954141888352,0
69.05,0.4230000948758569,main,0,0,-1.2168725385906827,1.0010952594564946,-1.2184416891407763,1.075737874701677,-1.653549397440367,5.13833415276364,-1.5401478890105977,3.1254699001074,0.07223734064761327,-0.007169208706270705,0.07247381135946653,0.32,0.0036163112325296206,0.03609089538161274,0
69.10000000000001,0.4232802894328528,main,0,0,-1.2201970585764526,0.9996982095250425,-1.221927137903813,1.0751041567447615,-1.649943842229838,5.138269706890367,-1.5326975606997943,3.1246081530092082,0.07212262237815226,-0.005230224614948917,0.07323178268706323,0.32,0.0036085008906338607,0.029594416483416965,0
69.15,0.4235599671003657,main,0,0,-1.223516224602909,0.9983044306337343,-1.225406156878104,1.0744716078403447,-1.6463445059416775,5.138204430602419,-1.5252389875749441,3.1238209510394053,0.07199856306632346,-0.0033845190689600346,0.07398683811307027,0.32,0.0036009223908422434,0.02439571766490202,0
69.2,0.4238391440717905,main,0,0,-1.2268295183010671,0.9969137771577824,-1.2288789474995685,1.0738401913637148,-1.6427518039923108,5.138138666452239,-1.517772915487144,3.1231083729175317,0.07186607605937925,-0.001627962149653446,0.0747392442145976,0.32,0.0035935342816518384,0.020235280988251985,0
69.25,0.4241178201991922,main,0,0,-1.2301364585208643,0.9955261069471776,-1.232345507927986,1.0732099076494572,-1.6391661191521147,5.138072738783545,-1.5103000910373812,3.1224704899008064,0.07172581747379958,4.332283214152077e-05,0.0754892532845157,0.32,0.0035862910372353334,0.016905482998048657,0
69.3,0.4243959847498391,main,0,0,-1.2334365930732465,0.9941412841480248,-1.2358057046547448,1.0725807809718646,-1.6355878102393815,5.138006954485003,-1.5028212615018732,3.121907365776999,0.07157827114112328,0.0016330002974037222,0.07623710288894296,0.32,0.0035791463968538975,0.014240215677809706,0
69.35000000000001,0.424673620231018,main,0,0,-1.236729493095865,0.992759180927213,-1.2392593200812012,1.071952850894327,-1.6320172179712513,5.137941603687704,-1.4953371747573414,3.1214190568580533,0.07142380519669717,0.0031445510794890358,0.07698301587473434,0.32,0.0035720554304029856,0.012106583628328364,0
69.4,0.42507168327715006,main,0,0,-1.240084181548751,0.9913505233214619,-1.2442109806938366,1.071052548964757,-1.6283793760814276,5.1378755942125345,-1.4878485792062233,3.1210056119744536,0.07276881438135,0.005271720791102656,0.07780997656551099,0.32,0.0036408268657311975,0.010413432275808931,0
69.45,0.42543565722407506,main,0,0,-1.2434774145502474,0.9899246283555728,-1.2487385937805744,1.07022934658535,-1.6246993113645982,5.13780978892293,-1.4803562237018337,3.120667072470344,0.07361306040694639,0.007103466282561241,0.07863069167877954,0.32,0.0036849346910031657,0.00906773275884778,0
69.5,0.4257767552756661,main,0,0,-1.2455615377747922,0.9890479728055359,-1.2529400434410616,1.0692649891397348,-1.6224386643847848,5.13777016820665,-1.4728608574734794,3.120403472199393,0.045219883098025285,0.04379780525562773,0.07899230658425335,0.32,0.0025121702588107833,0.007756620258840381,0
69.55,0.42606854437685926,main,0,0,-1.2477091874958925,0.9881390554054296,-1.2565190782856697,1.0683702304285827,-1.6201068729282517,5.137734408340899,-1.4653632300515371,3.1202148375214076,0.046641312866423805,0.07147977245733184,0.0790142096914303,0.32,0.0029380059281515093,0.006792897392702607,0
69.60000000000001,0.42632746522224085,main,0,0,-1.2498882224585095,0.9872076586191323,-1.259694956767172,1.0675762608082071,-1.6177372913910433,5.137706539355397,-1.457864091192501,3.1201011872996984,0.047394908341854974,0.09475567656979197,0.0790709395215517,0.32,0.0033507226449240035,0.006104462443146887,0
69.65,0.42656423012633404,main,0,0,-1.2520763704538471,0.9862600805983196,-1.2625990742899478,1.0668502314275132,-1.6153528385541096,5.137689793506158,-1.4508894380905757,3.1200652400176785,0.047690232773714376,0.11477870451180752,0.079134207250915,0.32,0.0037309167956291528,0.005629753313643341,0
69.7,0.4267857887696636,main,0,0,-1.2542578688479447,0.9853004776968183,-1.2653166744379938,1.0661708313905016,-1.6129696130906317,5.137686733726721,-1.4453555643996212,3.120092057695585,0.047664548553489575,0.13233647750067515,0.07919095045206773,0.32,0.004077421062427071,0.005319286863400087,0
69.75,0.4269966191617313,main,0,0,-1.2564212860185524,0.9843316934405967,-1.2679026837043683,1.0655243290739078,-1.61059922135357,5.137699375010421,-1.4412036151381085,3.120153702300462,0.04740850889527669,0.14796013728418114,0.0792357039255253,0.32,0.004393352157510725,0.005134099922222215,0
69.8,0.4271995763951008,main,0,0,-1.2585581059413178,0.9833557778904332,-1.2703921221625718,1.0649019694593571,-1.6082502819793383,5.13772928085537,-1.4383743566176597,3.1202240126880065,0.046982594834163824,0.16200542244676042,0.07926685952724184,0.32,0.004682094467994453,0.005043698831376663,0
69.85000000000001,0.42806718036772273,main,0,0,-1.2610302626274865,0.9822024168112101,-1.281034003016371,1.0622414992459073,-1.6055229074847057,5.137786103615451,-1.4371169859440915,3.1202678448407792,0.054559327195392956,0.2,0.0797858594445793,0.32,0.005695770400923324,0.005174113145285996,0
69.9,0.4287384909398913,main,0,0,-1.2636866412323002,0.9809306103955381,-1.2892681828384438,1.0601829542903891,-1.6025791689734479,5.13787689143619,-1.4372621555323226,3.1202613301891935,0.05890276343621561,0.2,0.08066750263839166,0.32,0.00580291640910461,0.005299873798049719,0
69.95,0.42927759215902306,main,0,0,-1.2660076912570275,0.979790681618369,-1.295043633025959,1.0566375779826942,-1.599995456717774,5.137982446228527,-1.4383976327223689,3.1201989912227632,0.05171735041281279,-0.18983135448841715,0.08153739107223061,0.32,0.005404551350586093,0.005320809308556994,0
70.0,0.4297157907354746,main,0,0,-1.2685040842623025,0.9785939116628343,-1.2996534307658396,1.0535643794894405,-1.5972283804241425,5.138069193842203,-1.4408548535030232,3.1200394264237006,0.055368714499277244,-0.2,0.08105565656699104,0.32,0.005715263455279708,0.005399700137901538,0
70.05,0.4300875673667974,main,0,0,-1.2711200289494695,0.9773718477561474,-1.30356447741663,1.0509570150555803,-1.594341719542794,5.138130803536541,-1.4444968567161582,3.1197663266905744,0.057746365421015584,-0.2,0.07974932609251525,0.32,0.005773786175322295,0.00547451734538569,0
70.10000000000001,0.4304155418417835,main,0,0,-1.2738173910127597,0.9761444575166983,-1.3070147305091258,1.0486568463272494,-1.5913784241374582,5.138164407719122,-1.4490346604418411,3.119388309514714,0.05926971874531421,-0.2,0.0780065081683588,0.32,0.005812249900027601,0.0055420638563140725,0
70.15,0.4307145323217138,main,0,0,-1.276570691607731,0.9749246977932714,-1.310160075365765,1.0465599497561568,-1.5883670354753552,5.1381684419379745,-1.4540068515485813,3.1189512254953318,0.06022782728660893,-0.2,0.0760168563577853,0.32,0.005836820876912629,0.005601015260433784,0
70.2,0.43099423795826425,main,0,0,-1.2793624980565563,0.9737211304953459,-1.3131025459270418,1.0445983027153056,-1.5853269591138133,5.13814211316413,-1.459027347147354,3.118503512134394,0.060803807408214734,-0.2,0.07387262867789605,0.32,0.005851731153115025,0.005651158438970032,0
70.25,0.4311909356048722,main,0,0,-1.282152009333793,0.9725514912692461,-1.3151717821489293,1.043218811900714,-1.582302683407886,5.138085672579437,-1.4637338416928947,3.1180918441784677,0.060496046433010535,-0.2,0.07247886997130078,0.32,0.005843751285352672,0.00568967700824656,0
70.3,0.43132862395749777,main,0,0,-1.2849135891750896,0.9714259001340967,-1.3166202475042506,1.0422531683304996,-1.5793217480602795,5.138000214538434,-1.4679063748284429,3.1177421340023277,0.05964320119974163,-0.2,0.07175178376807373,0.32,0.005821793419847648,0.005716100290566779,0
70.35000000000001,0.4314250058043357,main,0,0,-1.2876312405618469,0.9703497775083288,-1.3176341732529753,1.0415772178313498,-1.5764009766267175,5.137887240211608,-1.4714217981228777,3.117464636125368,0.05845911037856729,-0.2,0.07153160912779152,0.32,0.005791689646867499,0.005731218161826923,0
70.4,0.4314924730971222,main,0,0,-1.290295107103907,0.9693256473390288,-1.3183439212770829,1.0411040524819448,-1.5735504053261764,5.137748420839367,-1.474221280339271,3.117259328550835,0.05707898933085075,-0.2,0.07166930222211104,0.32,0.0057571718367247955,0.005736408896806497,0
70.45,0.4315397002020728,main,0,0,-1.2928993600205005,0.9683542139990712,-1.318840744893958,1.0407728367373614,-1.5707756509850646,5.13758546583316,-1.4762884410033454,3.117120108595553,0.05559070421416617,-0.2,0.07204628600289167,0.32,0.005720648213932222,0.005733256760231642,0
70.5,0.43157275917553817,main,0,0,-1.295440860236504,0.9674350332228532,-1.3191885214257706,1.040540985716153,-1.5680794059405592,5.137400049255436,-1.4776345490177087,3.117037734529962,0.05405225859227068,-0.2,0.07257477729222868,0.32,0.00568367105375681,0.005723339618936676,0
70.55,0.43159590045696394,main,0,0,-1.2979182812625298,0.9665669426280254,-1.3194319649980395,1.040378690001307,-1.5654624143170652,5.137193770163945,-1.4782884340067215,3.1170017543547046,0.052502176034994845,-0.2,0.07319237581138548,0.32,0.005647229074601317,0.005708117510069605,0
70.60000000000001,0.431612099353962,main,0,0,-1.3003315201545895,0.965748343180616,-1.3196023754986272,1.040265083000915,-1.562924124564288,5.136968132985283,-1.4782895868949193,3.1170016979321495,0.05096597690792903,-0.2,0.07385591427427096,0.32,0.005611936119152418,0.005688881231886168,0
70.65,0.43162343858186064,main,0,0,-1.3026812955591616,0.9649773851122823,-1.3197216628490391,1.0401855581006407,-1.560463132258197,5.1367245397497,-1.47768344877839,3.1170277636206922,0.049460371187691796,-0.2,0.07453617101003858,0.32,0.00557815568042516,0.005666736121593966,0
70.7,0.4316313760413897,main,0,0,-1.3049688706116624,0.9642520911654865,-1.3198051639943278,1.0401298906704484,-1.5580774833730322,5.136464289241929,-1.4765182156546663,3.1170711722855704,0.04799604537910388,-0.2,0.0752137728485751,0.32,0.005546084288043405,0.0056426057548838535,0
70.75,0.43163693226306,main,0,0,-1.3071958607547542,0.9635704380995974,-1.3198636147960294,1.0400909234693139,-1.5557648830102901,5.136188580043843,-1.474842698235877,3.1171243106433484,0.046579549159106455,-0.2,0.07587618039631797,0.32,0.005515807828384066,0.005617246169583897,0
70.8,0.4316408216182292,main,0,0,-1.3093641000730027,0.9629304101308728,-1.3199045303572199,1.0400636464285202,-1.5535228392610347,5.1358985156227694,-1.4727049166543633,3.1171807467613832,0.045214588539313594,-0.2,0.07651553476461136,0.32,0.005487339750912772,0.005591264885849672,0
70.85000000000001,0.4316435441668477,main,0,0,-1.3114755483072533,0.9623300333968702,-1.3199331712500542,1.040044552499964,-1.5513487621901183,5.13559511035194,-1.47015120572126,3.117235172306682,0.04390291957786701,-0.2,0.07712714815253913,0.32,0.005460647019232286,0.005565141312526194,0
70.9,0.4316454499508806,main,0,0,-1.3135322263152978,0.96176739756248,-1.3199532198750379,1.0400311867499747,-1.5492400316041715,5.135279295806985,-1.4672256729757964,3.1172833065637873,0.04264496927382265,-0.2,0.07770845907708433,0.32,0.00543566771527772,0.0055392465930765,0
70.95,0.43164678399970363,main,0,0,-1.3155361714991092,0.9612406687169643,-1.3199672539125267,1.0400218307249822,-1.5471940430365418,5.134951926966763,-1.4639698985326581,3.1173217840444822,0.04144026822509383,-0.2,0.07825831577760631,0.32,0.005412322937188629,0.005513861861898926,0
71.0,0.4316477178338798,main,0,0,-1.3174894072775953,0.9607480963908885,-1.319977077738769,1.0400152815074875,-1.5452082385083497,5.1346137881216345,-1.4604227987783942,3.117348038816876,0.04028775249513868,-0.2,0.0787764881563468,0.32,0.005390524789180837,0.005489194447355308,0
71.05,0.43164837151780305,main,0,0,-1.3193939224495919,0.9602880166271996,-1.319983954417138,1.0400106970552416,-1.5432801266481568,5.134265598397626,-1.4566205993591648,3.1173601930705623,0.03918597417097776,-0.2,0.07926333733136325,0.32,0.005370181694255783,0.005465391896735404,0
71.10000000000001,0.43164882909654934,main,0,0,-1.3212516575210782,0.9598588524306824,-1.3199887680919957,1.0400074879386696,-1.5414072953818378,5.133908016866641,-1.4525968794533,3.117356953889911,0.03813324797812601,-0.2,0.07971959313624677,0.32,0.005351201874663451,0.005442553892321013,0
71.15,0.4316788486486643,main,0,0,-1.3225270325119352,0.959577625872065,-1.3203660479047867,1.04,-1.5401269693256483,5.1336502671151045,-1.4478178401090358,3.117334915350113,0.02612025837984791,-0.2,0.08013944835894604,0.32,0.0051677528718558205,0.005387593688227974,0
71.2,0.4317301243486937,main,0,0,-1.3238163648775712,0.9593068125727775,-1.321014343286627,1.0399999999999998,-1.5388380796641912,5.133377354614958,-1.4428166581794,3.1172878658073966,0.026349328584595204,-0.2,0.08041395219650947,0.32,0.005170659318901837,0.005344206814362747,0
71.25,0.43179661053193014,main,0,0,-1.3251284910963397,0.9590448834961438,-1.3218549497634526,1.04,-1.5375319249995836,5.133087109809166,-1.4376542408254054,3.1172165859380807,0.026760284416768497,-0.2,0.08067224655132033,0.32,0.005175932964709349,0.005310552044432068,0
71.3,0.43187428490445323,main,0,0,-1.3264692636978446,0.9587911506713259,-1.3228370121627033,1.04,-1.5362028734026307,5.132777798690754,-1.4323885309427056,3.117122941398385,0.027291401688707986,-0.2,0.08091584116246943,0.32,0.0051828613251113705,0.005285013900567929,0
71.35000000000001,0.43196047072895455,main,0,0,-1.3278425313452316,0.9585454664541695,-1.32392668762247,1.04,-1.5348473443518087,5.132448002149995,-1.4270741647680063,3.1170096207723903,0.027901431977012066,-0.2,0.08114551886144546,0.32,0.005190975319332437,0.005266206184320831,0
71.4,0.4320533856101431,main,0,0,-1.32925079321288,0.9583080294904074,-1.3251014407383577,1.04,-1.533463131727764,5.132096529233444,-1.4217623507755814,3.1168798969075673,0.02856275756738813,-0.2,0.08136143701179467,0.32,0.005199959403652343,0.005252956828187133,0
71.45,0.4321518411715598,main,0,0,-1.3306956353393162,0.9580792596190546,-1.3263462464796036,1.04,-1.532048954104602,5.131722355377448,-1.416500883933002,3.116737416714218,0.02925682432775798,-0.2,0.08156328558948786,0.32,0.005209597338025484,0.005244284930154803,0
71.5,0.4322550431831008,main,0,0,-1.3321780212220642,0.9578597172146682,-1.3276510631362342,1.04,-1.5306041563314914,5.131324578847837,-1.4113342397060005,3.1165860198765203,0.029971097895769027,-0.2,0.08175042913783724,0.32,0.005219738190052556,0.005239375582134354,0
71.55,0.4323624585454989,main,0,0,-1.3336984850683968,0.9576500511094215,-1.3290091505605222,1.04,-1.529128511709449,5.130902390343574,-1.406303712015629,3.116429584664517,0.03069703688432636,-0.2,0.0819220154838345,0.32,0.005230274388948722,0.005237555343497228,0
71.60000000000001,0.432473726764902,main,0,0,-1.3352572600949382,0.9574509648513648,-1.3304159509112408,1.04,-1.5276220909924172,5.1304550520545655,-1.4014475723521054,3.116271898113302,0.03142874430527391,-0.2,0.08207705328404294,0.32,0.005241127256756401,0.005238269726149062,0
71.65,0.4325886010293622,main,0,0,-1.3368543635295504,0.9572631946952216,-1.331868343664519,1.04,-1.526085175736562,5.129981883470752,-1.396801235783999,3.1161165476250123,0.03216207090588999,-0.2,0.0822144654632332,0.32,0.005252237333973717,0.005241063247713994,0
71.7,0.4327069089792977,main,0,0,-1.3384896527800978,0.9570874950767803,-1.333364149622006,1.04,-1.5245182010492333,5.129482251988409,-1.39239742518739,3.1159668311897564,0.032894019449598,-0.2,0.08233312557874937,0.32,0.005263557854614601,0.005245562169094116,0
71.75,0.43282852657958437,main,0,0,-1.340162862427748,0.9569246288425162,-1.3349018005672144,1.04,-1.5229217178006162,5.1289555669096965,-1.3882663286540464,3.1158256837119813,0.03362234932453757,-0.2,0.08243188269518471,0.32,0.005275050325376232,0.005251459800350539,0
71.8,0.4329533607077948,main,0,0,-1.3418736284909205,0.9567753604863963,-1.336480119122955,1.04,-1.5212963676950386,5.128401275831525,-1.3844357473798943,3.1156956172619776,0.03434531446961321,-0.2,0.08250957879599774,0.32,0.005286681526727383,0.005258504145625908,0
71.85000000000001,0.43308133754169886,main,0,0,-1.3436215042617041,0.9566404512768822,-1.3380981719307197,1.04,-1.5196428668154003,5.127818862708442,-1.3809312328232128,3.1155786733954174,0.03506149001342759,-0.2,0.08256506148480586,0.32,0.00529842148237596,0.0052664876129759185,0
71.9,0.43321239480627977,main,0,0,-1.345405970585618,0.956520655562796,-1.3397551716271812,1.04,-1.5179619947270897,5.127207847080954,-1.3777762128476416,3.115476385973913,0.0357696579480249,-0.19102609487987932,0.08259719379380179,0.32,0.005099561417657163,0.0052331023739121685,0
71.95,0.4333464765905624,main,0,0,-1.347224582569364,0.9564160053142576,-1.3414504113116639,1.04,-1.5162560010191874,5.126569187006625,-1.374992107122412,3.1153897531692665,0.03643240986782739,-0.17320294333247177,0.0826048622671615,0.32,0.004697641797629814,0.005126010258655698,0
72.0,0.43348348574459755,main,0,0,-1.3490731430334786,0.9563256859264472,-1.3431826626857069,1.04,-1.514528396470224,5.125905322635158,-1.372598405156924,3.1153192167419324,0.03701531240609516,-0.1561048122094362,0.08258787651708374,0.32,0.004319233569528445,0.004964654920830248,0
72.05,0.43362325467302365,main,0,0,-1.3509477699720842,0.9562487544992068,-1.3449498067865493,1.04,-1.5127823517176253,5.125218684211121,-1.3706127061732418,3.1152646476752124,0.03752409680961187,-0.13971405982184595,0.08254712220848191,0.32,0.003964865215033412,0.0047646969796708806,0
72.10000000000001,0.4337655739471086,main,0,0,-1.352844851753812,0.9561841727444055,-1.3467491957384965,1.04,-1.5110207515303262,5.1245116800599835,-1.3690507504142286,3.11522533885818,0.037963614630943034,-0.12401461335981814,0.0824836543624633,0.32,0.0036352930134801098,0.004538816186432726,0
72.15,0.4339102112701892,main,0,0,-1.354761015678499,0.9561308344102509,-1.3485778925391498,1.04,-1.5092462346488464,5.123786684196888,-1.3679264466927878,3.1152000051869955,0.038338122876124016,-0.1089910077679157,0.0823986622814623,0.32,0.0033315055189926212,0.004297354052944706,0
72.2,0.4340569240073946,main,0,0,-1.356693105137019,0.9560875884562686,-1.350432829476783,1.04,-1.5074612240389178,5.123046024348711,-1.3672518997320775,3.1151867911190485,0.038651467699219996,-0.09462782947231775,0.0822934397937615,0.32,0.0030547268629798757,0.00404882861495174,0
72.25,0.43420546741450233,main,0,0,-1.3586381622825348,0.9560532587776774,-1.3523109121704504,1.04,-1.505667950709628,5.122291970907228,-1.3670374396178342,3.1151832854481367,0.03890720152441734,-0.08090942235755608,0.08216935941830586,0.32,0.002806400714001765,0.003800343034761745,0
72.3,0.43435559998696227,main,0,0,-1.3605934142189313,0.9560266610215816,-1.3542090871994397,1.04,-1.5038684731395233,5.121526727122476,-1.367291654834271,3.115186542870481,0.03910865671644642,-0.06781976031942763,0.08202784964739863,0.32,0.002588130117773645,0.0035579004513641255,0
72.35000000000001,0.4349970066262866,main,0,0,-1.3628535076104804,0.9560035814784369,-1.3623186003200365,1.04,-1.501791536070015,5.120635162647446,-1.368317169118216,3.115195773794003,0.04520422459830603,-0.025956920661417845,0.08252643833078104,0.32,0.002351522035879113,0.003316624768267123,0
72.4,0.43549815026178423,main,0,0,-1.365307452232605,0.9559817075060171,-1.3686547225835248,1.04,-1.4995377435639314,5.119664213617555,-1.3701686753788715,3.115202202298559,0.04908084220599111,0.004833701399955748,0.0829900178636652,0.32,0.0024570155875346935,0.0031447029321206373,0
72.45,0.43590556521067686,main,0,0,-1.367782912018605,0.9559590434212127,-1.373692170775785,1.0390769573060539,-1.4972639491244881,5.118685299086046,-1.3727735223542565,3.1151937335825126,0.049511270687968754,0.2,0.08249137583304252,0.32,0.005579284435556396,0.0036316192328077895,0
72.5,0.43624786989376296,main,0,0,-1.370301360368191,0.95591079601394,-1.3778908210448604,1.038027294738785,-1.4949404960142996,5.117712429338034,-1.376493649673858,3.1151444348204484,0.050378209185488285,0.2,0.08177063225861701,0.32,0.005598652507687957,0.004025025887783823,0
72.55,0.4365457341937192,main,0,0,-1.3728348395006684,0.9558369108621136,-1.3815443732308375,1.0371139066922908,-1.492592939068092,5.116756944165636,-1.38124567403275,3.11503392498731,0.05069112557581806,0.2,0.08109988523330613,0.32,0.005605709190669599,0.004341162548360978,0
72.60000000000001,0.4368129837681169,main,0,0,-1.3753648289915295,0.9557377978364203,-1.3848224104675428,1.0362943973831145,-1.4902383869704308,5.115825947583941,-1.3869574833799445,3.1148439308672673,0.05063860272847056,0.2,0.08046507531933385,0.32,0.005604522300404225,0.004593834498769628,0
72.65,0.4370588678880146,main,0,0,-1.3778791113357471,0.9556141080234589,-1.3878383827202803,1.0355404043199299,-1.4878882796706818,5.1149237776687135,-1.3935652771674687,3.1145579580027936,0.050346459165568506,0.2,0.07986027307410594,0.32,0.0055979384487750625,0.004794655288770715,0
72.7,0.43728957605565727,main,0,0,-1.3803696756408101,0.9554666059773957,-1.3906682093572331,1.0348329476606917,-1.485550254574379,5.114052969963015,-1.4010115528081641,3.1141610602094025,0.04989856675796138,0.2,0.07928313512310022,0.32,0.005587903668751433,0.004953304964766859,0
72.75,0.43750925211614966,main,0,0,-1.3828313148560276,0.9552960988030481,-1.3933627180685377,1.0341593204828656,-1.4832294012118215,5.113214888826188,-1.408496555165646,3.113686993011118,0.04935074598179838,0.2,0.07873282580161767,0.32,0.005575727784101321,0.0050777895286337514,0
72.8,0.437720672252698,main,0,0,-1.3852606869396413,0.9551033986240566,-1.3959559610391084,1.033511009740223,-1.480929104960888,5.112410140892008,-1.415976442683157,3.1131381007399157,0.0487400536709807,0.2,0.07820907950010177,0.32,0.005562282092776663,0.005174688041462334,0
72.85000000000001,0.43792569818782734,main,0,0,-1.3876556866120566,0.9548893042759812,-1.3984707738366935,1.0328823065408268,-1.4786516143976587,5.111638845517233,-1.423450467378178,3.1125144382845646,0.04809099633298257,0.2,0.07771179017935967,0.32,0.005548140212787178,0.005249378475727303,0
72.9,0.4383773188892575,main,0,0,-1.3901660021396784,0.9546395743484438,-1.4040102755533637,1.0314974311116591,-1.4762542381465682,5.110853583652863,-1.4309178818544683,3.1118160680107905,0.05045413396314273,0.2,0.07745569124672688,0.32,0.005600361513770871,0.005319575083336017,0
72.95,0.43875095842732226,main,0,0,-1.3927392377274426,0.9543575712757449,-1.4085932737551095,1.0303516815612226,-1.4737862676479925,5.110072437865377,-1.4383779393768028,3.111043059755039,0.05177283891442473,0.2,0.07719210205562281,0.32,0.0056303700698219035,0.005381734080633194,0
73.0,0.4390716817341226,main,0,0,-1.400186058291731,0.9534660201087946,-1.4124186716042972,1.029032531358281,-1.46661361163567,5.107880861782077,-1.4458298939456462,3.110195490817492,0.15,0.2,0.07666928769727602,0.27868931260936103,0.009013878188659835,0.006108162902238523,0
73.05,0.43946810435974476,main,0,0,-1.4076235911550157,0.9525000465545187,-1.4170722900129327,1.027171083994827,-1.4594193988575874,5.105761120641354,-1.4532730003717513,3.1092734459543365,0.15,0.2,0.07479940281010534,0.27823732122687295,0.009013878188659966,0.006689305959522812,0
73.10000000000001,0.43991796772763936,main,0,0,-1.4150510925702082,0.9514597472094679,-1.4223532510754329,1.0250586995698268,-1.4522043487290273,5.103713426415556,-1.4607065143506783,3.10827701736929,0.15,0.2,0.07302441150075828,0.2777930832321456,0.009013878188659938,0.007154220405350238,0
73.15,0.4404056735976125,main,0,0,-1.4224678197933567,0.9503452261027097,-1.428078446530522,1.0227686213877911,-1.44496918274899,5.1017379838723995,-1.4681296925372238,3.1072063047043814,0.15,0.2,0.07133644234786611,0.27736611038806763,0.00901387818865997,0.007526151962012185,0
73.2,0.44092028592152116,main,0,0,-1.4298730311579193,0.9491565946854259,-1.4341194977447238,1.0203522009021104,-1.4377146244280445,5.099834990554492,-1.475541792619755,3.1060614150299846,0.15,0.2,0.06972955875974697,0.27696295684045197,0.009013878188659993,0.007823697207341747,0
73.25,0.44145413214398815,main,0,0,-1.4372659861489305,0.9478939718197679,-1.4403863363348621,1.0178454654660551,-1.430441399215977,5.098004636759581,-1.4829420733944405,3.104842462834113,0.15,0.2,0.06819967886518621,0.27658813343978894,0.009013878188659931,0.008061733403605385,0
73.3,0.4419553743623301,main,0,0,-1.4446459454770522,0.9465574837669699,-1.4462704354344038,1.0154918258262384,-1.423150234429248,5.096247105521519,-1.4903297948393697,3.1035495700109705,0.15,0.2,0.06676068555289752,0.2762566516780712,0.00901387818865998,0.008252162360616305,0
73.35000000000001,0.44243665620155753,main,0,0,-1.4520121711525011,0.9451472641747236,-1.4519202189785578,1.013231912408577,-1.41584185917826,5.094562572591966,-1.4977042181885545,3.102182865848762,0.15,0.2,0.06541567110996312,0.27596305013839845,0.009013878188659863,0.008404505526225016,0
73.4,0.44294995088541755,main,0,0,-1.4593639265588487,0.943663454063813,-1.4579458023723326,1.0108216790510671,-1.4085170042944481,5.092951206422811,-1.5050646060058053,3.1007424870167646,0.15,0.2,0.06414388698222186,0.27569525627015923,0.009013878188659992,0.008526380058712011,0
73.45,0.44348588101191855,main,0,0,-1.4667004765266805,0.9421062018140126,-1.46432931684626,1.00855689438458,-1.4011764022571966,5.0914131681493275,-1.5124102222584739,3.0992285775516613,0.15,-0.1811302458096699,0.06313351726333917,0.25126152204757196,0.008760999013635378,0.008573303849696685,0
73.5,0.4440378647374288,main,0,0,-1.4740508287044805,0.9406154560736827,-1.4709500922834056,1.0063499692388649,-1.3938500303296135,5.089808713606899,-1.5197403323910565,3.097641288843137,0.15,-0.1711555049318164,0.06229083565697815,0.25137517548910293,0.008634748363026619,0.008585592752362672,0
73.55,0.4446008976477678,main,0,0,-1.481413669041781,0.9391876668149262,-1.4777033973009235,1.0040988675663587,-1.3865376570694856,5.088141621136588,-1.5270542033986483,3.0959807796187397,0.15,-0.16156859831248696,0.061380695793846196,0.25149060448440996,0.008518524371944535,0.008572179076279045,0
73.60000000000001,0.4451714737092366,main,0,0,-1.4887878032971211,0.9378194036881055,-1.4845471787354296,1.0018176070881901,-1.3792389897577662,5.086415511211688,-1.5343511039002433,3.0942472159280086,0.15,-0.15235854426590723,0.06040688106536137,0.2516067234397671,0.00841178956921561,0.008540101174866359,0
73.65,0.44574713755566303,main,0,0,-1.4901141165444127,0.9375837446745692,-1.4914519856678248,0.9995160047773917,-1.3779304647398405,5.0860955045272815,-1.5416303042118722,3.0924407711258675,0.02694172971879933,-0.08212546349323424,0.05962657746717581,0.32,0.0024556082437633855,0.007323202588645765,0
73.7,0.4461817262013989,main,0,0,-1.49166438890158,0.93731485472236,-1.4966646644081096,0.9977784451972969,-1.3764036342172536,5.085715458815435,-1.5489151098538643,3.090657065220063,0.031468372616300117,-0.13291728990561574,0.059937100613636954,0.32,0.0036766186789228945,0.006593885806701191,0
73.75,0.4465228529382721,main,0,0,-1.4933726487208867,0.9370302434408108,-1.500756313157999,0.9964145622806668,-1.3747259222821062,5.0852859965301205,-1.556210027737547,3.088915177430817,0.0346361383057829,-0.17007064934186172,0.059707456410635726,0.32,0.004590933597490852,0.0061932953648591235,0
73.8,0.44680223064717983,main,0,0,-1.4951962706767485,0.936742327322483,-1.504107312448989,0.9952975625170037,-1.372941338228168,5.084812971706751,-1.563518050869858,3.087229117557145,0.03692420739349342,-0.1976585572371944,0.05924387386359436,0.32,0.005275088483596653,0.00600965398860663,0
73.85000000000001,0.44704100566981064,main,0,0,-1.4971074622457607,0.9364599150391733,-1.5069713023308946,0.9943428992230351,-1.3710788648309868,5.084299549116656,-1.5708410587034696,3.0856093779889227,0.03863889186417015,-0.2,0.058678503539946275,0.32,0.005360262112175717,0.005879775613320448,0
73.9,0.44725328873219067,main,0,0,-1.4990849718786377,0.9361878808390013,-1.5095175340768183,0.9934941553077272,-1.3691599121289395,5.083749851489329,-1.5781798975154675,3.0840629482648447,0.03992266000247855,-0.2,0.058064164357591735,0.32,0.0053837298366637126,0.005780566457989101,0
73.95,0.4474484423903153,main,0,0,-1.5011141833330337,0.9359293827310045,-1.5118583069772984,0.9927138976742338,-1.367199126878823,5.0831668921413335,-1.5855338334280864,3.082589983026595,0.04091220061785886,-0.2,0.057420656004880805,0.32,0.005402269930176482,0.005704907152426577,0
74.0,0.44763266772155524,main,0,0,-1.5031850898677088,0.9356865922043154,-1.514067999929471,0.991977333356843,-1.3652065405155902,5.082552725469926,-1.5929021310538634,3.0811906295694693,0.04170180387086396,-0.2,0.05675311846253455,0.32,0.005417342624867751,0.005647394246914812,0
74.05,0.44778103557648746,main,0,0,-1.5052733085513124,0.9354629171482026,-1.5158475999506296,0.9913841333497901,-1.363205835631777,5.081914080209108,-1.600284053569176,3.079865027827648,0.04200327511648347,-0.2,0.056201163557818415,0.32,0.005423162158858692,0.005602547829303589,0
74.10000000000001,0.44788489307494006,main,0,0,-1.5073507438230178,0.9352613880500596,-1.5170933199654406,0.9909688933448532,-1.3612239388669631,5.081259529600565,-1.6076788627879244,3.0786133103602005,0.041743748205087,-0.2,0.05584347234140481,0.32,0.005418150171924285,0.005565668297827729,0
74.15,0.4479575933238569,main,0,0,-1.5093988622536545,0.9350833575155135,-1.5179653239758084,0.9906782253413972,-1.3592783515012459,5.080595320462186,-1.615085819235349,3.07743560233783,0.041116828560309154,-0.2,0.05563240400180047,0.32,0.005406152418970757,0.005533765122056334,0
74.2,0.44800848349809863,main,0,0,-1.5114056990399396,0.9349291184563451,-1.5185757267830664,0.9904747577389779,-1.357380137663735,5.079926016494438,-1.6225041822219775,3.076332021530358,0.040255104392663735,-0.2,0.055523222846584515,0.32,0.005389914987656042,0.005504995095176276,0
74.25,0.44804410662006783,main,0,0,-1.513363811233934,0.9347983065294448,-1.5190030087481463,0.9903323304172845,-1.355535959308183,5.079254956648074,-1.629933209917693,3.0753026782949444,0.03924953566343862,-0.2,0.055480115983071336,0.32,0.005371342022668825,0.005478264480674786,0
74.3,0.4480690428054463,main,0,0,-1.515268867537203,0.9346901624541438,-1.519302106123702,0.9902326312920993,-1.3537494722512988,5.078584584620591,-1.6373721594259172,3.0743476755650563,0.03816246668991566,-0.2,0.055476557037864985,0.32,0.005351722588068866,0.005452956102153602,0
74.35000000000001,0.44808649813521123,main,0,0,-1.517118671728392,0.9346037026087868,-1.5195114742865916,0.9901628419044695,-1.3520222884681956,5.0779166871509265,-1.6448202868578978,3.07346710884017,0.03703647310746254,-0.2,0.05549380807718541,0.32,0.005331908743648784,0.005428746630452639,0
74.4,0.4480987168660467,main,0,0,-1.5189124842404331,0.9345378293277151,-1.5196580320006141,0.9901139893331287,-1.3503546412791476,5.077252567078669,-1.6514996977546486,3.072745074851808,0.03590043240694609,-0.2,0.055519084493613806,0.32,0.005312447893157487,0.005405486882993609,0
74.45,0.4481072699776315,main,0,0,-1.5206505500604408,0.9344914014921848,-1.51976062240043,0.99007979253319,-1.3487458457504842,5.076593169409926,-1.6568309598419788,3.072222652811862,0.0347737161579888,-0.2,0.055543927191960316,0.32,0.005293678148375659,0.00538312513607002,0
74.5,0.4481286933645975,main,0,0,-1.521769710478077,0.9344727030512225,-1.5200185367163077,0.99,-1.3477144455476506,5.076158332321245,-1.660311257164826,3.071916714798934,0.022386332188171293,0.17638025113599,0.05550831702194862,0.32,0.00454935328275842,0.0052163707654077,0
74.55,0.44817024509992776,main,0,0,-1.5228345679644841,0.9344455166389205,-1.5205438888442486,0.9900000000000001,-1.3467292960333248,5.075753189134464,-1.6644944231802783,3.0715142508710382,0.021304089441898436,0.18001232176569565,0.05550688885194557,0.32,0.004624654912481981,0.0050980275948225556,0
74.60000000000001,0.44822459818274835,main,0,0,-1.523855355061241,0.93441025930562,-1.5212310925793742,0.99,-1.3457812045147473,5.075373226177246,-1.669372315782068,3.071003341973072,0.020427915962789644,0.18748691474967205,0.05548346406736433,0.32,0.0047971698821207874,0.005037856052282202,0
74.65,0.4482868665095179,main,0,0,-1.524838063370934,0.9343670906942378,-1.5220183713226487,0.99,-1.3448647541198455,5.075015877853292,-1.6749527301256737,3.07036891380419,0.019673120250211854,0.1972439377146553,0.055435351693712595,0.32,0.005028251286897551,0.0050359350992052725,0
74.7,0.44835377197610793,main,0,0,-1.5257859198870336,0.9343160827100677,-1.5228642789355213,0.99,-1.3439770217126983,5.074679775245652,-1.6812514479146872,3.0695930709320525,0.018984559932341688,0.2,0.055362452825838376,0.32,0.005089305825902052,0.005046609244544628,0
74.75,0.44842309647951634,main,0,0,-1.5267015257537242,0.9342576224387277,-1.5237407712190465,0.99,-1.3431157839846302,5.07436351383132,-1.6882869609467448,3.0686554771413532,0.01834940551018857,0.2,0.05526582653866197,0.32,0.005083478307855982,0.005053983057206899,0
74.8,0.448493349067419,main,0,0,-1.5275867713305276,0.9341922061135786,-1.5246289975772158,0.9900000000000001,-1.3422795119554671,5.074065876266343,-1.6957109569890754,3.0675904500227027,0.0177531859320601,0.2,0.05514666829345055,0.32,0.005078182650008255,0.00505882297576717,0
74.85000000000001,0.4496556506634884,main,0,0,-1.529022517188108,0.9340716628670312,-1.5393243553511007,0.99,-1.3409173603740878,5.073596365977645,-1.7031239317410143,3.0664512374318673,0.028815945876181172,0.2,0.05440955027258087,0.32,0.005203450474622247,0.0050877484755381865,0
74.9,0.4504953734841079,main,0,0,-1.5307177687796525,0.9339122449455759,-1.5499412445661112,0.99,-1.3393021048493488,5.0730576252031385,-1.7105251439112636,3.065237953289157,0.034054615148699174,0.2,0.054373331320120954,0.32,0.005281978041634989,0.005126594388757548,0
74.95,0.4511142974430125,main,0,0,-1.538177430280588,0.9331354243154035,-1.5554917461121964,0.9845082538878034,-1.3321640323435446,5.070755903912043,-1.7179138533847742,3.0639507189219755,0.15,0.2,0.05591704085587089,0.12,0.009013878188659924,0.005904051148738023,0
75.0,0.4516011417207466,main,0,0,-1.5456289507247243,0.9322840471542003,-1.559844222278537,0.9801557777214629,-1.3250032999090988,5.068525677241438,-1.725289321296756,3.062589663052686,0.15,0.2,0.051744644567699796,0.12,0.009013878188659919,0.0065260165567224025,0
75.05,0.45194193271516053,main,0,0,-1.5530715849662267,0.931358198598973,-1.5628909555949764,0.9771090444050236,-1.3178206236132877,5.066367168212133,-1.7326508101065639,3.0611549217857417,0.15,0.07914930086425305,0.04782152261221957,0.12,0.007756634733701381,0.006772140192118198,0
75.10000000000001,0.45218048641125025,main,0,0,-1.5605104969225583,0.9304029034058805,-1.565023668916483,0.974976331083517,-1.3106294613615201,5.064237101201742,-1.7399975836714514,3.0596466385940735,0.15,-0.007252018751921385,0.04508170205236242,0.12,0.0075021910039658034,0.006918150354487719,0
75.15,0.45234747399851305,main,0,0,-1.567949754780783,0.9294503056319798,-1.5665165682415385,0.9734834317584616,-1.3034390719467759,5.062104426809264,-1.7473289073201845,3.0580649643047435,0.15,-0.06341844925508511,0.04349523331372298,0.12,0.007665747668440355,0.007067669817278247,0
75.2,0.452464365309597,main,0,0,-1.5753919958477203,0.9285213019174591,-1.5675615977690769,0.9724384022309231,-1.2962554812145868,5.059948963009427,-1.7546440479265077,3.056410057083863,0.15,-0.09878828215018115,0.04278275507758108,0.12,0.00789616697717097,0.007233369249256792,0
75.25,0.4526741301486169,main,0,0,-1.5828387348430382,0.9276290696967834,-1.5694369334854987,0.9705630665145013,-1.2890826247991751,5.057758042918715,-1.7619422739824562,3.0546820824207748,0.15,-0.1601932817363857,0.04191378591209812,0.12,0.008502274971789639,0.007487150393763362,0
75.3,0.4529976612668548,main,0,0,-1.5837543965694647,0.9275267919965278,-1.5732942130377034,0.97,-1.2882036414674305,5.057481844751221,-1.7692228556715062,3.052881213111505,0.01842712267514253,-0.2,0.04184511422147056,0.32,0.0050841810673117206,0.007006556528473034,0
75.35000000000001,0.45324585981057425,main,0,0,-1.5848039193599386,0.9274201769348313,-1.576432268092647,0.9700000000000001,-1.2872004455563775,5.057155558338462,-1.7765210817274546,3.051153238448417,0.021098482022217542,-0.2,0.04155534640105454,0.32,0.005110074838894589,0.006627260190557345,0
75.4,0.4534445017986152,main,0,0,-1.5859453992531554,0.927315741745903,-1.5789437634678998,0.9699999999999999,-1.2861140041707708,5.056790143271797,-1.7838362223337778,3.0494983312275363,0.022924947592564922,-0.16203771619913207,0.04138286423954993,0.32,0.004209990673944293,0.006143806287234736,0
75.45,0.45361063614974,main,0,0,-1.5871473257290698,0.9272155885602281,-1.581044254198161,0.97,-1.2849739931889645,5.056396401128427,-1.791167545982511,3.0479166569382063,0.02412184001360749,-0.12130943501685527,0.04124399455908499,0.32,0.003263762369440062,0.005567797503675802,0
75.5,0.45375544942754453,main,0,0,-1.5883875242765686,0.9271198171561964,-1.5828751756517172,0.97,-1.2838007389665647,5.055983195212848,-1.7985122583545383,3.0463983683713693,0.024877818224660266,-0.08690021185816535,0.041103122724034005,0.32,0.0025034064516512963,0.004954919293270901,0
75.55,0.45388624607121103,main,0,0,-1.589650740913452,0.927027787837864,-1.584528880233044,0.97,-1.2826079380864053,5.055557270656826,-1.8058670715735108,3.0449297899723637,0.025331290272164055,-0.05712051040755452,0.040946324410616804,0.32,0.0019087708375794788,0.004345689602132617,0
75.60000000000001,0.45400777724268515,main,0,0,-1.5909262587677115,0.9269385238317296,-1.5860654384306154,0.97,-1.2814050002953488,5.055123848772083,-1.8132293090180578,3.043498895213791,0.02557275002283588,-0.030822218332727358,0.04076914070467992,0.32,0.0014928729261628824,0.0037751262669386706,0
75.65,0.45460278931349773,main,0,0,-1.5924699601162335,0.9268328820682802,-1.593588369905493,0.97,-1.2799501046056407,5.054597111107128,-1.8205967295559904,3.042094931319223,0.03094623748123869,0.08165313879073961,0.04115985549874061,0.32,0.0025614831557323496,0.0035323976446974066,0
75.7,0.45505318060952304,main,0,0,-1.5941657001071932,0.9267098781522874,-1.5992828138051816,0.97,-1.2783491071008881,5.054024860226775,-1.8279608991654548,3.0406740140228816,0.03400390613026102,0.15547390432065233,0.0417958461280601,0.32,0.004242434255027546,0.003674404966763435,0
75.75,0.4554057483032069,main,0,0,-1.5951914914591048,0.9266274494794876,-1.6033455530563034,0.9683272234718483,-1.277377388616095,5.053686030520185,-1.8353159659106035,3.0392067058840078,0.02058195698913039,0.2,0.04110408662125726,0.32,0.005104805812541269,0.003960485135919002,0
75.8,0.4556751906537102,main,0,0,-1.5962992322989353,0.9265272773842119,-1.606392551143958,0.966803724428021,-1.2763235345009472,5.053330340035513,-1.8426559920686412,3.037665921668316,0.022245217165948683,0.2,0.04059605967837776,0.32,0.0051222186810892184,0.004192831844953046,0
75.85000000000001,0.4558883727540575,main,0,0,-1.5974538807923482,0.9264112116376758,-1.608803328257752,0.965598335871124,-1.2752203493021308,5.052970247244733,-1.8499802436430683,3.0360518154529443,0.023209346400615637,0.2,0.04013351137261351,0.32,0.005132902142147118,0.00438084590439186,0
75.9,0.4560633368509316,main,0,0,-1.59863207551749,0.9262808656454388,-1.61078191576483,0.964609042117585,-1.274089856443088,5.052613710032513,-1.8572879882148312,3.034364548647169,0.023707660264519134,0.2,0.03968970110541479,0.32,0.005138592500679872,0.004532395223649463,0
75.95,0.45621219959909376,main,0,0,-1.5998182988423149,0.9261376103133419,-1.6124653352722895,0.9637673323638551,-1.2729468056312396,5.052265740625717,-1.8645784950155624,3.032604289976265,0.023896843863008797,0.2,0.0392559313421314,0.32,0.0051407828067845315,0.004654072740276478,0
76.0,0.4563430987802747,main,0,0,-1.601002299666037,0.9259825957697244,-1.6139456131647174,0.9630271934176412,-1.2718010394013453,5.051929426478318,-1.8718510350006572,3.030771215464632,0.02388210593149192,0.2,0.038830653957069194,0.32,0.0051406115841703464,0.0047513805090552514,0
76.05,0.4565763782761539,main,0,0,-1.6022429000856477,0.9258075353384221,-1.6165836623670982,0.9617081688164509,-1.2705953987705194,5.051588594811585,-1.8791048809221775,3.028865508418194,0.025057817588498767,0.2,0.03850517152596429,0.32,0.005154583936240175,0.004832021194492236,0
76.10000000000001,0.45676647101801127,main,0,0,-1.6035130931997121,0.9256153255087456,-1.6187333326762916,0.9606333336618542,-1.2693557603209171,5.051251501827516,-1.886339307401576,3.026887359406067,0.025693074285813102,0.2,0.03816687219380553,0.32,0.005162396261973679,0.004898096207988525,0
76.15,0.45692714299420845,main,0,0,-1.6055418332439975,0.9252875457443683,-1.6205119197955988,0.9596587201362675,-1.2673674287833265,5.050732114267168,-1.8935535910022334,3.024836966241504,0.04110097683132037,0.2,0.03773898972473617,0.32,0.0054058510653939565,0.004999647179469612,0
76.2,0.45708398065740435,main,0,0,-1.607536837674401,0.9249447119425169,-1.6221618336569885,0.9585587775620077,-1.2654038806609202,5.0502401219257465,-1.9007470103018016,3.0227145339621133,0.04048494877369647,0.2,0.036833287003365064,0.32,0.005394217060243376,0.005078561155624365,0
76.25,0.45723766640443986,main,0,0,-1.6094985996310633,0.9245873583389731,-1.6237785897292532,0.957480940180498,-1.2634648805477477,5.049774836923097,-1.907918845964345,3.020520274809354,0.03988088049466021,0.2,0.03595779088170382,0.32,0.005382955653966716,0.005139440055292835,0
76.3,0.4573886806175353,main,0,0,-1.6114278063115268,0.9242159657292802,-1.6253672415771312,0.9564218389485791,-1.261549993926554,5.049335541903261,-1.9150683808122742,3.018254408207312,0.03929259923435715,0.2,0.03511161149954374,0.32,0.005372129083192095,0.005185977860872687,0
76.35000000000001,0.4575373668032944,main,0,0,-1.6133252604964456,0.9238309694520266,-1.6269314028498898,0.9553790647667401,-1.2596586621837995,5.048921514420822,-1.9221948998980618,3.01591716074076,0.03872236830239318,0.2,0.03429395573175455,0.32,0.00536176785373668,0.005221135859445486,0
76.4,0.45768397553562673,main,0,0,-1.6151918280193869,0.923432765839011,-1.6284737095557338,0.9543508602961774,-1.2577902532709557,5.0485320422529805,-1.9292976905757384,3.0135087661324973,0.03817140518826832,0.2,0.033504090614019065,0.32,0.0053518819526514735,0.005247285078086684,0
76.45,0.4578286940938025,main,0,0,-1.617028402777535,0.9230217174254137,-1.6299961318506662,0.9533359120995559,-1.2559440958179953,5.048166432762586,-1.936376042572155,3.011029465219977,0.03764023188338686,0.2,0.03274132327101022,0.32,0.005342468309740982,0.005266321724417544,0
76.5,0.45797166644972687,main,0,0,-1.618835883589612,0.9225981571779492,-1.6315001843022796,0.952333210465147,-1.2541195020120492,5.047824018375385,-1.9434292480580106,3.0084795059312244,0.03712891148018449,0.2,0.03200499014598762,0.32,0.005333515741915215,0.005279760527917079,0
76.55,0.45811300674649147,main,0,0,-1.6206151590448914,0.9221623919564579,-1.6329870676825395,0.9513419548783069,-1.252315782855961,5.047504159531547,-1.9504566017186344,3.0058591432600434,0.03663720772123052,0.2,0.031294451415699094,0.32,0.005325008213516693,0.0052888100650370015,0
76.60000000000001,0.4582528083886761,main,0,0,-1.6223670977331663,0.9217147053828211,-1.6344577645966947,0.9503614902688704,-1.2505322582648075,5.047206246006443,-1.9574574008245165,3.003168639240518,0.03616469237081568,0.2,0.030609088233919703,0.32,0.005316926972950459,0.005294433446619694,0
76.65,0.4583911501749111,main,0,0,-1.6240925420900738,0.9212553602542237,-1.6359131039971118,0.9493912640019253,-1.2487682636709563,5.046929697188305,-1.96443094530158,3.0004082629208075,0.03571081727404021,0.2,0.029948301460780244,0.32,0.005309251941276556,0.0052973971455510666,0
76.7,0.4585281004373975,main,0,0,-1.6257923046643958,0.9207846006068902,-1.6373538047305516,0.9484307968462989,-1.2470231542722607,5.0466739616975955,-1.9713765378011885,2.9975782903362442,0.03527496253505456,0.2,0.0293115111221897,0.32,0.005301962604038471,0.005298310237248548,0
76.75,0.45866371983871423,main,0,0,-1.6274671660014588,0.9203026535114585,-1.6387805049602426,0.9474796633598384,-1.2452963076934191,5.046438516599267,-1.9782934837698802,2.9946790044817275,0.03485646855998826,0.2,0.028698156183491343,0.32,0.005295038574097672,0.005297655904618373,0
76.80000000000001,0.458798063264165,main,0,0,-1.629117873599031,0.9198097306614995,-1.6401937820731574,0.9465374786178951,-1.2435871255826392,5.0462228663711555,-1.9851810915188222,2.991710695283427,0.03445465721027782,0.2,0.02810769441696527,0.32,0.005288459937325167,0.005295816711159733,0
76.85000000000001,0.4589311811048997,main,0,0,-1.6307451415695426,0.9193060298014968,-1.6415941661782947,0.94560388921447,-1.2418950344973032,5.04602654173402,-1.9920386722929793,2.9886736595697894,0.03406884561719216,0.2,0.027539602253647506,0.32,0.005282207455621123,0.005293094860052011,0
76.9,0.45906312013063566,main,0,0,-1.6323496507623956,0.9187917360290312,-1.6429821492876076,0.9446785671415949,-1.2402194863179268,5.045849098410858,-1.9988655403399886,2.985568201041855,0.03369835505983473,0.2,0.026993374571438015,0.32,0.005276262676776564,0.005289728423396922,0
76.95,0.459193924085838,main,0,0,-1.6339320491811713,0.918267022997194,-1.6443581915877483,0.9437612056081676,-1.238559958352045,5.045690115858419,-2.005661012978735,2.9823946302428883,0.033342516530841845,0.2,0.02646852440434154,0.32,0.005270607984049149,0.005285904335527367,0
77.0,0.45944986279426947,main,0,0,-1.6355602938533036,0.9177089741407769,-1.6470506368467663,0.9419662421021557,-1.2368450267537334,5.0455431163632225,-2.0124244106676166,2.979153264527325,0.034424405519779246,0.2,0.02617376401419507,0.32,0.005287967401419429,0.00528631694870578,0
77.05000000000001,0.45966570192305856,main,0,0,-1.6372106936496085,0.9171248253811243,-1.6493212392209835,0.9404525071860109,-1.2350992870780773,5.045411047268098,-2.0191550570725014,2.9758444280290357,0.03501456417576616,0.2,0.025840505534983103,0.32,0.005297645633774104,0.005288582685719445,0
77.10000000000001,0.45985428097777786,main,0,0,-1.6414811807626453,0.9155650859055613,-1.6511090952183671,0.9388909047816328,-1.230562628321017,5.045113432187447,-2.0258522791343574,2.972468451628912,0.09092820775588463,0.18227110381983055,0.025312520417312113,0.32,0.006436930127712671,0.00551825217411809,0
77.15,0.46008410692464513,main,0,0,-1.6457085750677989,0.9139772725030122,-1.6531637808784352,0.9368362191215646,-1.2260540555507788,5.044858902055583,-2.0325154071365596,2.9690256729217817,0.09031503532094559,0.14684580876421946,0.023613739337743342,0.32,0.005819735495047876,0.005578548838304048,0
77.2,0.460342553706484,main,0,0,-1.649911833018197,0.9123632113517931,-1.6554743419955482,0.9345256580044519,-1.221556964156501,5.044638131158561,-2.03914377477186,2.965516436182646,0.09005014335904084,0.10807542084005037,0.022020002586659978,0.32,0.005250976686870344,0.005513034408017307,0
77.25,0.4606210704981565,main,0,0,-1.654101469157566,0.9107283484806121,-1.6579643326416786,0.9320356673583212,-1.2170639342783443,5.044441891249614,-2.04573674662063,2.961941142879807,0.08994626748870145,0.06714660461979052,0.020492141471401118,0.32,0.004800390000599068,0.00537050552653366,0
77.30000000000001,0.46091375676253843,main,0,0,-1.6582826062474927,0.9090806058743921,-1.6605810009444608,0.929418999055539,-1.2125734785070983,5.044260866313216,-2.052302464564317,2.9583160431730477,0.08988206286265221,0.0250822986142514,0.019003927407856013,0.32,0.004537638606805602,0.005203932142588049,0
77.35000000000001,0.46121643515776145,main,0,0,-1.662456995301823,0.9074294713857403,-1.6632870007097371,0.9267129992902627,-1.2080878263670114,5.044085669410666,-2.0588495365437827,2.9546573755882983,0.08978144368749756,-0.017214214613050047,0.01753871193461325,0.32,0.0045096535140731675,0.005065076416885072,0
77.4,0.4614416990190208,main,0,0,-1.66657061056448,0.905806468490514,-1.6653009004968164,0.9246990995031834,-1.2036691325333329,5.0439092785625785,-2.065386731286321,2.950981088752627,0.08844426250939878,-0.04731789063802032,0.016282742519320374,0.32,0.004577699549019997,0.004967601043312057,0
77.45,0.4616772161168219,main,0,0,-1.6706309596318667,0.9042155728614609,-1.6674064660787224,0.9225935339212774,-1.1993121342487532,5.043725024933744,-2.0719204599942223,2.9472986453828596,0.08721785012614858,-0.07749297312748757,0.015096696908004864,0.32,0.004771855928688004,0.004928452020387247,0
77.5,0.4619451322219909,main,0,0,-1.6746582233376262,0.9026556130443762,-1.669801684664333,0.9201983153356668,-1.1949978962798187,5.043525830721853,-2.0784570880121653,2.9436213509759566,0.0863766810815214,-0.1106162596018311,0.013899717013977594,0.32,0.0051283331250839585,0.004968428241326589,0
77.55000000000001,0.46223469719072374,main,0,0,-1.6764713829259268,0.9019647943744845,-1.673023704145725,0.9184881479271376,-1.193060182126759,5.043425621000021,-2.0850034224361145,2.939961363870813,0.03880607234605051,-0.08579061723256465,0.013267354806171056,0.32,0.0028921958579137055,0.004553181764644013,0
77.60000000000001,0.46248320378127,main,0,0,-1.6783396215093207,0.9012621527261256,-1.6758339494718566,0.9170830252640716,-1.191067305277389,5.043313985191541,-2.091573699813573,2.9363445344328585,0.039920023499441216,-0.06431043049248109,0.012962721222099119,0.32,0.002562989535546343,0.004155143318824479,0
77.65,0.4627042639026015,main,0,0,-1.6802427542825682,0.9005533641905673,-1.6783338154569019,0.9158330922715491,-1.1890400236761747,5.043193881693983,-2.098163277491473,2.9327629892318416,0.040616723357493265,-0.04587780354380002,0.012674874159903208,0.32,0.0023323332902910545,0.003790581313117794,0
77.7,0.46290691727912303,main,0,0,-1.6821671328159913,0.8998416853657769,-1.6806255281351952,0.9146872359324023,-1.1869921385016085,5.043067842805756,-2.104768206663811,2.929209834207304,0.0410352019103317,-0.029701096050884793,0.012390220614288119,0.32,0.002181986808208227,0.0034688624121358806,0
77.75,0.4630971675012915,main,0,0,-1.6841034660647367,0.8991288524723067,-1.6827769793159033,0.9136115103420483,-1.1849328506715042,5.0429380321089905,-2.1113850531021914,2.9256789216891446,0.04126750384605543,-0.015242058119319592,0.01210357845055633,0.32,0.0020982653297499303,0.003194742995658691,0
77.80000000000001,0.4633154549431575,main,0,0,-1.6860657409384299,0.8984081671963845,-1.685245490359852,0.912377254820074,-1.1828466595081764,5.042804929228063,-2.1180107735498286,2.9221646894045965,0.041808659135920245,0.000340453780573265,0.011840672546528364,0.32,0.0020904502839924136,0.0029738844533254358,0
77.85000000000001,0.4635164826004359,main,0,0,-1.6880418889072168,0.8976823485675868,-1.6875188185361705,0.9112405907319148,-1.1807457037566635,5.042670920248376,-2.124642184972635,2.9186612079159238,0.04210450558527425,0.01390469974205595,0.01157288603088717,0.32,0.0021337318009238505,0.002805853922845119,0
77.9,0.46370576986734613,main,0,0,-1.6900237565257934,0.896952865031342,-1.6896593801042217,0.9101703099478891,-1.1786380354827968,5.042537954333384,-2.1312765147651134,2.9151632559144467,0.04223716603757646,0.02594234848815024,0.011299600966669652,0.32,0.0022092020936052854,0.0026865235569971525,0
77.95,0.4638870000202048,main,0,0,-1.69376393805274,0.8955706719754112,-1.6915896547601115,0.9089402301599256,-1.174658217276887,5.042292063003149,-2.137911297060413,2.9116661622791575,0.07974814229403904,0.2,0.010842694741418224,0.32,0.0063952650842928555,0.003428271862456293,0
78.0,0.46410589518423223,main,0,0,-1.6974332765538849,0.8941727984741824,-1.6938924062673748,0.9074050624884169,-1.170736876760679,5.042089124792436,-2.144510777265855,2.9081028967799316,0.07853176519452912,0.2,0.009918069453521996,0.32,0.006357522737782398,0.004014122037521515,0
78.05000000000001,0.4643499635982396,main,0,0,-1.7010493050149191,0.8927536659930969,-1.6964599774182862,0.9056933483878091,-1.1668557213679693,5.041927162921853,-2.1510742954389195,2.9044738157403494,0.0776906656681021,0.2,0.00904578772506453,0.32,0.006331634767568373,0.004477624583530886,0
78.10000000000001,0.4646108806042841,main,0,0,-1.704623804898711,0.891309417234196,-1.69920479378556,0.9038634708096266,-1.163002415313857,5.04180494856036,-2.1576011952332577,2.9007792820654905,0.07710487376765532,0.2,0.008220765626764423,0.32,0.00631370761888876,0.004844841190602462,0
78.15,0.46488310231060653,main,0,0,-1.7081647047140782,0.8898373863177983,-1.7020685342767163,0.9019543104821889,-1.1591686287608103,5.041721718836245,-2.1640908239643295,2.8970196652056437,0.07669379771871611,0.2,0.007439677444758402,0.32,0.006301178185172759,0.005136108589516521,0
78.2,0.46516293961222616,main,0,0,-1.7116773476338913,0.8883357319021419,-1.7050123899391112,0.8999917400405926,-1.1553487299998944,5.0416770005790505,-2.1705425326746703,2.893195341119362,0.07640321005343609,0.2,0.006700343379623656,0.32,0.006292346642245056,0.005367356200062228,0
78.25,0.4654479398605709,main,0,0,-1.71516533751727,0.8868031837350578,-1.7080105591968116,0.8979929605354591,-1.151538909130027,5.041670500539956,-2.176955676198785,2.8893066922358672,0.07619652829620083,0.2,0.006001331661274862,0.32,0.006286078054795625,0.005551100571008908,0
78.30000000000001,0.465736474070953,main,0,0,-1.7186311033699746,0.8852388680201276,-1.7110459053215483,0.8959693964523012,-1.1477365911475155,5.041702037210983,-2.1833296132276656,2.885354107416807,0.07604897527712076,0.2,0.005341700142042324,0.32,0.006281609395827638,0.005697202335972654,0
78.35000000000001,0.46602746141101953,main,0,0,-1.7220762758561519,0.8836421874463386,-1.7141070580834645,0.893928627944357,-1.1439400430523607,5.041771498534068,-2.189663706372921,2.8813379819173695,0.07594366942471918,0.2,0.004720828494521295,0.32,0.006278423553267733,0.00581344657943167,0
78.4,0.4663201853524813,main,0,0,-1.7255019384081558,0.8820127390682045,-1.7171864796888165,0.8918756802074556,-1.140148110961783,5.041878815623356,-2.1959573222305147,2.8772587173467583,0.07586900799985603,0.2,0.004138309181793597,0.32,0.006276166500118108,0.005905990563568958,0
78.45,0.4666141710197435,main,0,0,-1.732242234244307,0.8787236036132312,-1.720279174501923,0.8898138836653845,-1.132653609367891,5.042165949493089,-2.202209831444106,2.8731167216280307,0.15,0.2,0.003589399055416808,0.2681911286489928,0.009013878188659832,0.006527568088587133,0
78.5,0.46699632476926795,main,0,0,-1.7389493022621114,0.8753672307786756,-1.7242993872217132,0.8871337418521913,-1.1251623537867976,5.0425280127731105,-2.2084206087679834,2.8689124089573066,0.15,0.2,0.0025020372423452814,0.26815211060371696,0.009013878188659856,0.007024830108601679,0
78.55000000000001,0.46744042513602824,main,0,0,-1.7456224717603568,0.8719439561990243,-1.7289712711049274,0.8840191525967149,-1.1176750933378188,5.042964969257393,-2.2145890331295908,2.8646461997623502,0.15,0.2,0.0014463936818204601,0.2681317684058193,0.009013878188659867,0.007422639724613317,0
78.60000000000001,0.4679280994353788,main,0,0,-1.7522610754276542,0.8684541221988825,-1.734101547659334,0.8805989682271107,-1.1101925767407597,5.043476775250652,-2.2207144876916316,2.8603185206605253,0.15,0.2,0.00043520525469365866,0.2681242187016287,0.00901387818865993,0.00774088741742264,0
78.65,0.46844641120825453,main,0,0,-1.758864449409169,0.8648980777587421,-1.7395541268495824,0.8769639154336117,-1.1027155522410448,5.044063379572716,-2.2267963599137546,2.855929804416136,0.15,0.2,-0.0005211200489772579,0.26812554695809887,0.00901387818865993,0.007995485571670099,0
78.7,0.4689852035391971,main,0,0,-1.7654319333730057,0.8612761784800836,-1.7452221591137587,0.8731852272574941,-1.0952447675348933,5.0447247235636405,-2.2328340416138057,2.8514804898971495,0.15,0.2,-0.001415223236890196,0.2681327876540636,0.009013878188659888,0.008199164095068056,0
78.75,0.46953858854356645,main,0,0,-1.77009212992184,0.858645013822871,-1.7510035014485452,0.869247373913591,-1.089918921664023,5.045249914087989,-2.2388269290286464,2.8469710220313096,0.10703356357167887,-0.0755167095158339,-0.00220678557862352,0.32,0.005674917859510681,0.007694314847956581,0
78.80000000000001,0.470051878776086,main,0,0,-1.7748201652868225,0.8559990403292594,-1.7561952579662852,0.8653535565252861,-1.084525034181528,5.045761257385201,-2.244809624592911,2.8424480414006488,0.10836142144032572,-0.09422338347385373,-0.0025497128737308437,0.32,0.005907983825909536,0.007337048643547173,0
78.85000000000001,0.4705386012381251,main,0,0,-1.7795979427819986,0.8533547104081528,-1.7611182905013436,0.8616612821239922,-1.079086304471871,5.046251010047639,-2.2507879290505013,2.8379192583618673,0.10921472158105891,-0.11096865136576485,-0.0029704554339764965,0.32,0.0061250236339365615,0.007094643641625051,0
78.9,0.47100764708406384,main,0,0,-1.7844135367457776,0.8507242475554936,-1.7658625300630786,0.8581031024526915,-1.07361857870441,5.046712805429867,-2.2567670803077102,2.833391593373883,0.10974384728667883,-0.12617927591761574,-0.003445829080677273,0.32,0.0063292998102190265,0.006941574875343847,0
78.95,0.47146483972193737,main,0,0,-1.789259002701366,0.8481170228797155,-1.770486878447599,0.8546348411643006,-1.0681329090527376,5.047141278660622,-2.262751841898488,2.828871346842824,0.11004755487833717,-0.14014469157630227,-0.003964600833115006,0.32,0.006523150691758378,0.006857890038626754,0
79.0,0.47191397131832846,main,0,0,-1.7941289484120384,0.8455404665222843,-1.7750296921330277,0.8512277309002293,-1.0626372289990609,5.047531809882851,-2.26874656407115,2.824364318323656,0.11019076891993444,-0.15306073198824582,-0.004521939149044408,0.32,0.006707999417553785,0.0068279119144121605,0
79.05000000000001,0.4723868253023478,main,0,0,-1.7990360591054742,0.8429921207003992,-1.7798124497191616,0.8476406627106288,-1.0571189411179145,5.047881524975955,-2.274755226180051,2.819875891019905,0.11058716342424432,-0.16635198140343896,-0.005147451597121471,0.32,0.006918772677186505,0.00684608406696703,0
79.10000000000001,0.47284900791252954,main,0,0,-1.803973113652413,0.8404801405884538,-1.7844872699802417,0.8441345475148186,-1.0515879448152565,5.0481858793454695,-2.28078176931674,2.8154115010479575,0.11078727667428032,-0.1784545058084938,-0.005816976079132376,0.32,0.007112545840580285,0.006899376421689681,0
79.15,0.4733039701636302,main,0,0,-1.8089350921811194,0.8380109647628747,-1.7890890587594337,0.8406832059304248,-1.046051432502911,5.0484410098850265,-2.2868297225635086,2.8109761587246522,0.11084775176243578,-0.18955632978087847,-0.006529294344746836,0.32,0.007292140394079377,0.00697792921616762,0
79.2,0.473753952907035,main,0,0,-1.8156810445770424,0.8347334464529425,-1.794070182061437,0.8379649089692814,-1.0385564473534434,5.048715231709942,-2.29290225086271,2.806574522658892,0.15,-0.14196096037039205,-0.006856113181727251,0.23014855981287163,0.008297323147756917,0.00724180800248548,0
79.25,0.47424688880027105,main,0,0,-1.8224500908224257,0.8315038933990567,-1.7996445645637447,0.8351777177181277,-1.031059704587088,5.0489362473091575,-2.298930459910971,2.8021123824021923,0.15,-0.11762582160190431,-0.007206845752887315,0.23023578589590107,0.00805589201716374,0.007404624805421132,0
79.30000000000001,0.4747698730359222,main,0,0,-1.829238013830967,0.8283142067012575,-1.8055587497797139,0.8322206251101432,-1.0235617916253898,5.049113168813781,-2.304913746892411,2.79759018416486,0.15,-0.09339386522538594,-0.007650626068505964,0.230380754599604,0.007855030794884654,0.007494706003313837,0
79.35000000000001,0.4753138686910666,main,0,0,-1.836040757635144,0.8251562521837369,-1.8117105433556713,0.8291447283221643,-1.0160631342472646,5.049255075563048,-2.3108515134833176,2.79300838016295,0.15,-0.06961554313405338,-0.008162006138149871,0.23057930465925908,0.0076992825901933916,0.007535621320689748,0
79.4,0.47585045869671005,main,0,0,-1.8428544523427386,0.8220219955842066,-1.817778589889543,0.8261107050552283,-1.0085640283504722,5.0493708803500565,-2.3167431659119795,2.788367428573045,0.15,-0.04731072520307001,-0.008732257696552878,0.23081643702649607,0.007592689935031301,0.007547035043558059,0
79.45,0.4764018460865695,main,0,0,-1.8496755421771558,0.8189038657808133,-1.824013973151751,0.8229930134241245,-1.001064669495108,5.049468945422684,-2.322588115018064,2.7836677934864364,0.15,-0.025654161813358937,-0.009339942890085308,0.23109406293848173,0.007527372384269677,0.007543102511700383,0
79.5,0.47696352538703385,main,0,0,-1.851777009764784,0.8179464773104184,-1.8303402361197312,0.8197731759201793,-0.9987555534118586,5.049496178108504,-2.328385776311531,2.7789099448627166,0.04618553325489541,0.2,-0.010020411749084879,0.32,0.005507518379914536,0.007135985685343214,0
79.55000000000001,0.4774107908653835,main,0,0,-1.8540176885307948,0.8168984847401094,-1.8350454166064378,0.8166363889290414,-0.9962824937431638,5.049550082050371,-2.3341355700310826,2.774094358482783,0.04947294112895959,0.2,-0.010587590851238893,0.32,0.0055784343466489935,0.0068244754176043695,0
79.60000000000001,0.47778190761266154,main,0,0,-1.8563477261590402,0.8157801661098251,-1.8389495213543072,0.8140336524304619,-0.993699285977441,5.049632237677012,-2.3398369212021386,2.7692215159012603,0.051690277259383584,0.2,-0.0110584381289,0.32,0.005628473319460543,0.006585274997975604,0
79.65,0.4781024100692507,main,0,0,-1.8587340455486419,0.814605331754949,-1.8423211696877515,0.8117858868748321,-0.9910417672056969,5.049743368088754,-2.3454892596943324,2.764291904398346,0.053196826937650564,0.2,-0.01147690951049404,0.32,0.005663457953457839,0.006400911589072051,0
79.7,0.47838933753758284,main,0,0,-1.8611546993125716,0.8133833703644123,-1.845339613074168,0.8097735912838882,-0.9883338070810388,5.049883747033225,-2.3510920202785255,2.759306016931083,0.054231925227818396,0.2,-0.011861624851546248,0.32,0.005687948161225492,0.00625831890350274,0
79.75,0.47865406065284444,main,0,0,-1.8635951242173594,0.8121206488027658,-1.8481244692649588,0.8079170204900276,-0.985591299676581,5.050053430841085,-2.3566446426833285,2.7542643520840624,0.05495503419398726,0.2,-0.012219856432533135,0.32,0.005705272952116709,0.0061477097132255345,0
79.80000000000001,0.4789041675401903,main,0,0,-1.8660456533898209,0.8108214705795629,-1.8507555644486802,0.8061629570342135,-0.982824826463049,5.050252386211808,-2.362146571651128,2.749167414019568,0.055472361697441325,0.2,-0.012553908109800858,0.32,0.005717775553546003,0.006061722881289628,0
79.85000000000001,0.4791447223934343,main,0,0,-1.8684998628513332,0.8094887323818364,-1.8532861733515689,0.8044758844322875,-0.9800414340835146,5.050480557301576,-2.3675972569936117,2.7440157124271587,0.0558545797035702,0.2,-0.012864007668662063,0.32,0.00572707038411916,0.005994792381855535,0
79.9,0.4793791051948249,main,0,0,-1.8709534722376626,0.8081243738548392,-1.855751852991304,0.8028320980057975,-0.9772458216475154,5.050737898162228,-2.372996153646788,2.738809762472701,0.05614863564103538,0.2,-0.013149601283090229,0.32,0.005734254372703822,0.005942684780025192,0
79.95,0.4796095718960168,main,0,0,-1.8734036139267656,0.8067296857616081,-1.858176335715267,0.8012157761898222,-0.9744411338019985,5.051024385968758,-2.3783427217254904,2.7335500847468515,0.05638563353933719,0.2,-0.013409916786941404,0.32,0.005740065258695213,0.005902160875759197,0
80.0,0.4798376280593004,main,0,0,-1.8758483471830554,0.8053055211424327,-1.860575459862551,0.7996163600916326,-0.9716294904812366,5.051340024042721,-2.383636426577367,2.728237205213,0.056586095666409535,0.2,-0.01364419444613867,0.32,0.005744994826535461,0.00587072766591445,0
80.05000000000001,0.4800642780350357,main,0,0,-1.878286335284921,0.8038524400601756,-1.8629597910813993,0.7980268059457338,-0.9688123407340539,5.0516848398173035,-2.3888767388363434,2.7228716551546723,0.056763476343340884,0.2,-0.013851768988913146,0.32,0.005749367844941817,0.005846455701719924,0
80.10000000000001,0.48029019110631543,main,0,0,-1.880716631070064,0.8023708088972107,-1.8653363701516188,0.796442419898921,-0.9659906990133057,5.052058880598618,-2.394063134475561,2.7174539711224033,0.056926508785810376,0.2,-0.014032087509538601,0.32,0.00575339625841568,0.005827843813059075,0
80.15,0.4805158122493518,main,0,0,-1.8831385345960403,0.800860868570704,-1.867709878170884,0.7948600812194107,-0.9631653029402013,5.052462208639836,-2.399195094859778,2.711984694880081,0.05708077252016467,0.2,-0.01418470191991273,0.32,0.005757216035441625,0.005813718257535586,0
80.2,0.4807414359577204,main,0,0,-1.88555149876359,0.7993227815055545,-1.8700834131771433,0.7932777245485712,-0.9603367186123424,5.052894896280114,-2.404272106797232,2.7064643733507725,0.0572297401491876,0.2,-0.01430925326812001,0.32,0.005760912071352763,0.005803157020299021,0
80.25,0.4809672554378155,main,0,0,-1.8879550668361154,0.7977566640988971,-1.8724590076790535,0.7916939948806309,-0.9575054108731396,5.053357021475954,-2.4092936625909607,2.70089355856203,0.05737547633161395,0.2,-0.014405455325169424,0.32,0.005764534951815067,0.00579543260660223,0
80.30000000000001,0.4811933953848317,main,0,0,-1.8903488311699603,0.7961626092810506,-1.8748379734554685,0.7901080176963543,-0.9546717901775171,5.05384866382729,-2.414259260089569,2.6952728075906904,0.05751910447247058,0.2,-0.01447308027692262,0.32,0.005768112208364773,0.005789968526954738,0
80.35000000000001,0.48141993381422554,main,0,0,-1.8927324060511834,0.7945407023190817,-1.8772211312198603,0.7885192458534264,-0.9518362438236847,5.054369901088957,-2.419168402737445,2.689602682507167,0.05766111829536914,0.2,-0.014511947310091778,0.32,0.005771655863587155,0.005786305994281222,0
80.4,0.4816469165994543,main,0,0,-1.895105409917104,0.7928910320104424,-1.87960896355563,0.78692735762958,-0.9489991567377776,5.054920806109681,-2.424020599624415,2.6838837503192425,0.05780158985661379,0.2,-0.014521914013960236,0.32,0.005775167484573871,0.005784078292339751,0
80.45,0.48187436715006704,main,0,0,-1.8974674538256802,0.7912136987308644,-1.8820017167284944,0.7853321888476704,-0.9461609252724232,5.0555014441259125,-2.428815365534834,2.6781165829153704,0.05794030844522951,0.2,-0.014502870200223568,0.32,0.005778641566736954,0.005782990947219192,0
80.5,0.4821022928527955,main,0,0,-1.8998181340895817,0.7895088203335927,-1.8843994684460068,0.7837336877026622,-0.9433219663276117,5.0561118703395165,-2.4335522209961065,2.6723017570074847,0.05807687337514056,0.2,-0.014454733670582797,0.32,0.0057820678007594155,0.005782806317927237,0
80.55000000000001,0.48226719532827017,main,0,0,-1.9021255886671287,0.7877998216528017,-1.8861342231887068,0.7825771845408621,-0.9405208879724157,5.056743521482507,-2.4382306923266333,2.666439854073331,0.05742829657368653,0.2,-0.014515825533953964,0.32,0.005765849730819117,0.005779415000505613,0
80.60000000000001,0.48245001584887953,main,0,0,-1.9043999661670097,0.7860798373673981,-1.888057473669193,0.7812950175538713,-0.9377456335073272,5.057398579959291,-2.4428515972287483,2.660532465658337,0.05703030406372009,0.2,-0.01451297959854132,0.32,0.005755965510146798,0.005774725102433851,0
80.65,0.4826450083463055,main,0,0,-1.9071189391204382,0.7839805636519729,-1.8900924383581617,0.7799075616418382,-0.9344104807506526,5.058221088405081,-2.447415677676745,2.6545810650110764,0.06870156927974871,-0.06829048803520844,-0.014473464752140138,0.32,0.003835949462167759,0.005386969974380633,0
80.7,0.4828623445188502,main,0,0,-1.9098237051290876,0.7819069610616959,-1.8920354631698886,0.7779645368301114,-0.9310986916322906,5.059025849052384,-2.452036548793258,2.648673650168307,0.06816329470895191,-0.09357463302055556,-0.014716778424735578,0.32,0.004133789947437047,0.005136333968991916,0
80.75,0.483094652182423,main,0,0,-1.912522649251521,0.7798577998040256,-1.8941123358275371,0.7758876641724628,-0.9278020985716461,5.059810600878419,-2.456716262032004,2.642812738634842,0.06777421703259977,-0.12010914408842274,-0.01491078298092865,0.32,0.004527663889301854,0.005014599953053905,0
80.80000000000001,0.4833369321278919,main,0,0,-1.9152209617762403,0.7778345482414769,-1.8962783624945114,0.7737216375054884,-0.9245165462599412,5.060571904611145,-2.4614543494255594,2.6369989164969505,0.06745201958848165,-0.1471383797735151,-0.015072427369150314,0.32,0.004990541214928294,0.005009788205428783,0
80.85000000000001,0.48358574735601995,main,0,0,-1.917921729156665,0.7758403267295179,-1.8985028157740906,0.7714971842259091,-0.9212404711678649,5.061305659252018,-2.4662503371691327,2.631232765132002,0.06714481031897093,-0.17409734542010752,-0.015214280884573097,0.32,0.00549679383216998,0.005107189330777023,0
80.9,0.48383869139852625,main,0,0,-1.9206266386659188,0.7738791988315556,-1.9007641814032619,0.769235818596738,-0.9179739706773757,5.062007465942675,-2.471103745667946,2.625514861150328,0.06682082934360203,-0.2,-0.015345808968734925,0.32,0.006013531249225854,0.005288457714466789,0
80.95,0.48409403985778116,main,0,0,-1.923336391898108,0.7719556045579546,-1.903047042954375,0.7669529570456245,-0.9147181959241196,5.062672979477361,-2.476014089585194,2.619845776337561,0.06646195154760262,-0.2,-0.015474348089024554,0.32,0.006003580390799226,0.005431482249733277,0
81.0,0.4843505229316117,main,0,0,-1.9260492743637287,0.7700703024309311,-1.9053400481656375,0.7646599518343624,-0.9114750216954806,5.063302198282804,-2.4809808778905773,2.6142260775974586,0.06607297596576774,-0.2,-0.015605667661857416,0.32,0.005992837006162562,0.005543753201019135,0
81.05000000000001,0.4846072102658536,main,0,0,-1.928763110258128,0.7682243060612824,-1.9076348795020341,0.7623651204979659,-0.9082468478177271,5.063895073711099,-2.486003613909404,2.6086563268952117,0.06564330234985319,-0.2,-0.01574033640383348,0.32,0.005981020636854933,0.005631206688186294,0
81.10000000000001,0.48486339709999593,main,0,0,-1.9314754577022846,0.766418728785598,-1.9099252362767392,0.7600747637232608,-0.9050363578034025,5.06445157332854,-2.4910817953722577,2.6031370812012486,0.06516728613741847,-0.2,-0.015878444092849987,0.32,0.005967992791239763,0.005698563908796988,0
81.15,0.48533658868542723,main,0,0,-1.934282075803452,0.7645906335937122,-1.9141556548970182,0.7558443451029818,-0.9017305322455393,5.064990604475484,-2.496214914465224,2.59766889243554,0.06698966247533075,-0.2,-0.016607291871454145,0.32,0.0060182254192075535,0.005762496210879101,0
81.2,0.4857447175827116,main,0,0,-1.9371421307589587,0.7627682045406767,-1.9178044012815767,0.7521955987184231,-0.8983781087964727,5.065502872979312,-2.5014024578806717,2.592252307412405,0.0678267263012629,-0.2,-0.017346560579866544,0.32,0.006041619153990494,0.00581832079950138,0
81.25,0.48610846296214316,main,0,0,-1.9435071790909997,0.7588013216673386,-1.9214172435387822,0.7495275854870727,-0.890953207259785,5.066561568955734,-2.5066439068685815,2.586887867785833,0.15,-0.18202633453720551,-0.017757645677828313,0.12,0.008772598904581071,0.006409176420517318,0
81.30000000000001,0.4865361290750788,main,0,0,-1.9499080671627742,0.7548925326102759,-1.9265468898761022,0.7478177033746325,-0.8835189778436213,5.067552645636847,-2.5118594987469796,2.5814982851157193,0.15,-0.0989940878528224,-0.016959238241655943,0.12,0.007897777750331477,0.00670689668648015,0
81.35000000000001,0.4870089105615946,main,0,0,-1.9563282240965603,0.7510154738093858,-1.932217673104661,0.7459274422984463,-0.8760799339784255,5.068506913089762,-2.5170309875902577,2.5760663698785446,0.15,-0.008232690834453615,-0.0164582279891268,0.12,0.007502823518448583,0.006866082052873837,0
81.4,0.4874536721370829,main,0,0,-1.9627499764176985,0.7471410580952486,-1.9375523711732627,0.7441492096089124,-0.8686404979340422,5.069458118294505,-2.5221478996141915,2.5705830122083464,0.15,0.07416408139121317,-0.016195345614776264,0.12,0.007725781148555509,0.007038021872010173,0
81.45,0.48785911269796767,main,0,0,-1.9691573174956523,0.7432428559056787,-1.942415432859089,0.7425281890469704,-0.8612046402935423,5.070436903843141,-2.5272097231318424,2.565048760436322,0.15,0.1442627323531347,-0.0162398892761188,0.12,0.008322099192285897,0.007294837336065318,0
81.5,0.4883158293814381,main,0,0,-1.9755363738683374,0.7392985385003338,-1.947893526614227,0.7407021577952577,-0.8537760361462454,5.071469299321029,-2.532215951965077,2.5594641679830366,0.15,0.2,-0.016405272479858582,0.12,0.009013878188659999,0.007638645506584254,0
81.55000000000001,0.48880873851428674,main,0,0,-1.9818756687741912,0.7352906288086596,-1.9528366245102244,0.7371633754897756,-0.8463581272087746,5.072575927982952,-2.5371660854951834,2.553829793303082,0.15,0.1978236518728556,-0.01692440962618932,0.12,0.008983811734180357,0.007907678752103475,0
81.60000000000001,0.48932738219955074,main,0,0,-1.9881750112583843,0.7312202130722956,-1.957473393148938,0.7325266068510616,-0.8389515268234116,5.07375587320691,-2.5420596287129342,2.5481461998292305,0.15,0.1207889119521463,-0.01734568016997362,0.12,0.008085092812183023,0.007943161564119384,0
81.65,0.4898644184803199,main,0,0,-1.9944496559540175,0.7271118272647598,-1.962274594928257,0.7277254050717428,-0.8315521876868207,5.074980528399899,-2.5468960922680854,2.5424139559160936,0.15,0.0423732772924037,-0.017439681152688184,0.12,0.00757444282721913,0.007869417816739332,0
81.7,0.4906560872490403,main,0,0,-2.000715582285002,0.7229901568249167,-1.9693522573453428,0.7206477426546571,-0.8241554597878287,5.076220857545034,-2.551674992518312,2.536633634783286,0.15,-0.06762179381327,-0.01742279846896648,0.12,0.0076881689545742204,0.00783316804430631,0
81.75,0.49138222990693925,main,0,0,-2.006995408511595,0.7188896955625956,-1.9758441044439232,0.7141558955560765,-0.8167545805115377,5.077436170647805,-2.5564165202798272,2.530822618134989,0.15,-0.16024371307867105,-0.01751920808178631,0.12,0.008502868912212892,0.007967108217887627,0
81.80000000000001,0.4920626580363971,main,0,0,-2.0075090553549124,0.7185601455097398,-1.9825856844032823,0.7091381051989059,-0.8161515973772578,5.077530232631418,-2.561149233436656,2.5250044202889907,0.012205512147993544,-0.2,-0.01697020343132196,0.32,0.005037105946571512,0.007381107763624405,0
81.85000000000001,0.4925529928250552,main,0,0,-2.008249011229881,0.7180957773594788,-1.9884670109255902,0.7071776630248032,-0.8152871356757782,5.077656242323712,-2.5659398909685645,2.519233839693247,0.01747194867068384,-0.2,-0.01681999419408978,0.32,0.005075743539214381,0.0069200349187424,0
81.9,0.4929163681564969,main,0,0,-2.009141379678048,0.7175481218519835,-1.992825520710729,0.7057248264297569,-0.8142496079362705,5.077796898613746,-2.570788013813791,2.5135114534010095,0.020940372510287183,-0.2,-0.016613450479083067,0.32,0.005108448688415386,0.006557717672676998,0
81.95,0.49319492766079776,main,0,0,-2.0101363959280802,0.7169510850456388,-1.996166706036716,0.7046110979877612,-0.8130982328700411,5.0779412791623795,-2.5756931171640916,2.5078378336461378,0.02320784596603946,-0.2,-0.01637609052686456,0.32,0.005132885181450789,0.0062727511744317555,0
82.0,0.493416797247558,main,0,0,-2.0112005679225904,0.716326940150744,-1.998827923464664,0.7037240255117786,-0.8118726446921921,5.0780825324881445,-2.5806547105132185,2.5022135477858796,0.024674025887340245,-0.2,-0.016124343446262002,0.32,0.005149953289469891,0.006048191597439383,0
82.05000000000001,0.4936007440119097,main,0,0,-2.0123113669093624,0.7156902906553758,-2.001034275142943,0.7029885749523523,-0.8105993507678859,5.078216396416413,-2.5856722977059716,2.4966391582441343,0.02560622556306587,-0.2,-0.01586874834139349,0.32,0.0051613173675879795,0.005870816751469103,0
82.10000000000001,0.4937592882153223,main,0,0,-2.0134536444326043,0.7150506885063898,-2.002935935498392,0.7023546881672025,-0.8092960667638784,5.078340249773209,-2.590745376987813,2.4911152224552104,0.026183115544882025,-0.2,-0.015616035080506178,0.32,0.005168548040706425,0.005730363009316567,0
82.15,0.49390078137224214,main,0,0,-2.014617216197982,0.7144143621911232,-2.0046330768715244,0.7017889743761584,-0.8079746248578827,5.0784525071638935,-2.595873441055042,2.485642292808084,0.026524030106188284,-0.2,-0.015370475073711889,0.32,0.005172891882949411,0.005618868784043136,0
82.2,0.4940307935562873,main,0,0,-2.0157952337681104,0.7137853563988424,-2.0061925095773714,0.7012691634742094,-0.8066429235936552,5.078552233916112,-2.601055977105525,2.4802209165911586,0.026708602975470782,-0.2,-0.015134756626274115,0.32,0.005175265566350467,0.005530148140504602,0
82.25,0.4941530393103486,main,0,0,-2.0169830877671107,0.7131662830235538,-2.00765878774533,0.70078040408489,-0.8053062345424992,5.078638901946273,-2.606292466889976,2.4748516359375383,0.02678991576643952,-0.2,-0.014910551201290537,0.32,0.005176316157938102,0.005459381743991303,0
82.30000000000001,0.49426999545637174,main,0,0,-2.0181776694453255,0.7125588156422388,-2.009061619646031,0.700312793451323,-0.803968077533031,5.078712235589978,-2.61158238676378,2.469534987770814,0.026803298343955676,-0.2,-0.014698879046344402,0.32,0.0051764893514125235,0.005402803265475547,0
82.35000000000001,0.49438331323402823,main,0,0,-2.0187541549651606,0.7122728809777032,-2.0104208110935797,0.6998597296354734,-0.8033252201661639,5.0787410208783585,-2.6169252077393583,2.464271503751372,0.0128700301003905,0.07316675823602227,-0.014532918718842469,0.32,0.0019390598897900538,0.004710054590338448,0
82.4,0.49447775802846733,main,0,0,-2.019357848285408,0.711970694495329,-2.011553630316847,0.6994821232277176,-0.8026509092337631,5.078773686785449,-2.622317689067784,2.4590589088963517,0.013502033847405902,0.09638334712789683,-0.01450496158201305,0.32,0.0025023700360411244,0.004268517679478984,0
82.45,0.4945597261346602,main,0,0,-2.01998001354228,0.7116555029636937,-2.0125367977528246,0.6991544007490584,-0.801954447748045,5.07881079079311,-2.6277513216181188,2.4538892244467996,0.013948982880098585,0.11544638148462856,-0.014436760402650087,0.32,0.002969234275391069,0.004008660998661401,0
82.5,0.49463347395031326,main,0,0,-2.020614843099533,0.7113292771783576,-2.013421366815015,0.698859544394995,-0.8012419446026807,5.078852875203833,-2.633218629249538,2.4487551668640077,0.014274898665559565,0.13156702315040356,-0.014345013205712097,0.32,0.0033657254519184675,0.0038800738893128143,0
82.55000000000001,0.49470183543448853,main,0,0,-2.021258452059639,0.7109931696719302,-2.0142413294594856,0.6985862235135046,-0.8005174192651732,5.07890045445052,-2.6387129139991363,2.4436499895810595,0.014521718209710988,0.14559832909924744,-0.014237710315743935,0.32,0.003711670331159941,0.0038463931776822396,0
82.60000000000001,0.4947666982603919,main,0,0,-2.0219082155169095,0.7106478048263963,-2.015019327405218,0.698326890864927,-0.7997835252363411,5.07895401732366,-2.6442280677521066,2.438567364365573,0.014716921239638877,0.15813246966929398,-0.01411848958645714,0.32,0.00402121165250638,0.003881356872647068,0
82.65,0.49482932002685964,main,0,0,-2.0225623311522396,0.7102934655772066,-2.015770444936586,0.698076518354471,-0.799042025600292,5.079014032801988,-2.649758435086155,2.433501297138375,0.014878488739113006,0.16957680187750082,-0.013988818968032751,0.32,0.004304196313166457,0.003965924760750946,0
82.7,0.49489053835935626,main,0,0,-2.023219530141812,0.7099302151663851,-2.016504728962301,0.6978317570125663,-0.798294106662581,5.079080955410051,-2.655298713800351,2.42844607095461,0.015018140668628074,0.18020978038038643,-0.013849098692858951,0.32,0.004567394165530759,0.004086218641706909,0
82.75,0.49495091055957685,main,0,0,-2.0238788858331853,0.7095579774999071,-2.01722886404425,0.6975903786519166,-0.7975405854305837,5.079155228965375,-2.660843882552728,2.423396209223071,0.01514345810033169,0.19022070426553855,-0.013699222704465676,0.32,0.0048154188307083234,0.004232058679507192,0
82.80000000000001,0.4950108064504547,main,0,0,-2.0245396869734065,0.7091765908247633,-2.0179472860280563,0.6973509046573146,-0.7967820472651603,5.079237288666146,-2.6663891477912176,2.4183464534433528,0.015259278395711829,0.19973744225596393,-0.013538866656039992,0.32,0.005051387689758193,0.004395924481557393,0
82.85000000000001,0.49507047011123223,main,0,0,-2.0252013536293365,0.7087858440698541,-2.018662922525131,0.6971123591582896,-0.7960189374751521,5.079327561798558,-2.671929904394514,2.4132917510522094,0.015368614642081183,0.2,-0.013367636165079796,0.32,0.005058703963471334,0.004528480377940181,0
82.9,0.49513006092667095,main,0,0,-2.025863303881942,0.7083859484546287,-2.0193776852779117,0.6968741049073628,-0.7952518737169566,5.079426090123744,-2.67746170611635,2.408227250118229,0.015467315733519402,0.2,-0.013185143042672693,0.32,0.005059455962848179,0.004634675494921781,0
82.95,0.49518967578206424,main,0,0,-2.0265250254237688,0.7079771035865359,-2.020092736378218,0.696635754540594,-0.7944814052745269,5.079532897915143,-2.682980243136253,2.403148298537444,0.015556728770323117,0.2,-0.012991394519569373,0.32,0.005060141255447551,0.004719768647026935,0
83.0,0.495249369467185,main,0,0,-2.02718605167723,0.7075594975534666,-2.0208087330026374,0.6963970889991208,-0.7937080349445763,5.079648001517922,-2.688481325282537,2.398050446517246,0.015637781257210263,0.2,-0.012786469570330389,0.32,0.00506076580238799,0.004787968078099146,0
83.05000000000001,0.49530916842077066,main,0,0,-2.027845944409448,0.7071333159704803,-2.0215259922709263,0.6961580025763577,-0.7929322385944425,5.079771408093234,-2.6939608694946084,2.3929294509863013,0.01571100454727224,0.2,-0.012570516796062744,0.32,0.005061332745405095,0.004842641011560336,0
83.10000000000001,0.4953690798924363,main,0,0,-2.0285042826846587,0.706698748023586,-2.022244601138679,0.6959184662871067,-0.7921544777094573,5.0799031145504125,-2.6994148905312314,2.387781280968511,0.01577667373149754,0.2,-0.012343756215381502,0.32,0.005061843397920772,0.004886481488832423,0
83.15,0.4954290980619802,main,0,0,-2.0291606560116664,0.7062559904510658,-2.0229644897954175,0.6956785034015274,-0.7913752072696593,5.080043106671933,-2.704839494240061,2.38260212325686,0.015834900851360932,0.2,-0.012106477850332437,0.32,0.0050622979181820325,0.004921644774702346,0
83.2,0.4954892081387712,main,0,0,-2.0298146602683023,0.7058052501009253,-2.023685480834737,0.6954381730550877,-0.7905948805110078,5.080191358419562,-2.710230872908953,2.3773883879309525,0.01588569710075775,0.2,-0.011859038594378056,0.32,0.005062695767172024,0.0049498549731962814,0
83.25,0.4955493891203884,main,0,0,-2.030465895462439,0.7053467454988637,-2.0244073223428463,0.6951975592190511,-0.7898139516068734,5.080347831404071,-2.7155853023541074,2.3721367134059212,0.01592901438499781,0.2,-0.011601858097774318,0.32,0.005063036020827102,0.004972491182722446,0
83.30000000000001,0.495609615661504,main,0,0,-2.0311139647040855,0.7048807077232153,-2.0251297103149084,0.6949567632283637,-0.7890328769617244,5.080512474499901,-2.720899140486966,2.3668439707995046,0.01596477309953934,0.2,-0.011335414018364513,0.32,0.005063317583393187,0.004990656462856595,0
83.35000000000001,0.4956698593523976,main,0,0,-2.0317584739709327,0.7044073807902449,-2.025852303990189,0.694715898669937,-0.7882521155812064,5.080685223587362,-2.7261688271566946,2.3615072674722732,0.01599288067268645,0.2,-0.011060236796211325,0.32,0.00506353933336417,0.00500523303695811,0
83.4,0.49573008960574705,main,0,0,-2.0323990323870267,0.7039270216904432,-2.026574736488684,0.6944750878371053,-0.7874721288318582,5.080866001406887,-2.7313908850989708,2.3561239496433215,0.016013243883625496,0.2,-0.010776904027640808,0.32,0.005063700223077004,0.005016926474181889,0
83.45,0.4957902742833835,main,0,0,-2.033035252825173,0.7034399001742045,-2.027296622328741,0.6942344592237528,-0.786693379803462,5.081054717511844,-2.736561921842048,2.3506916040171904,0.01602577695462028,0.2,-0.010486034487726434,0.32,0.0050637993460934914,0.0050263010485642095,0
83.5,0.4958503801501881,main,0,0,-2.033666752704108,0.7029462983567573,-2.028017562871328,0.6939941457095573,-0.7859163324202236,5.081251268308037,-2.741678632432816,2.345208058382264,0.016030406748202452,0.2,-0.010188281851616889,0.32,0.005063835981869977,0.005033808035225363,0
83.55000000000001,0.4959103732127282,main,0,0,-2.0342931548919,0.7024465101929094,-2.028737150381806,0.6937542832060646,-0.7851414504021965,5.081455537169421,-2.746740252647757,2.3396736206692075,0.016027075960298856,0.2,-0.009884328178346958,0.32,0.005063809624145831,0.005039808353009457,0
83.60000000000001,0.49597021898058025,main,0,0,-2.034914088654365,0.7019408408589877,-2.029454971164377,0.6935150096118744,-0.7843691961480498,5.081667394620528,-2.751746276329067,2.33408884431718,0.016015744911022832,0.2,-0.009574877236872696,0.32,0.005063719997456059,0.005044590681898778,0
83.65,0.4960298826752425,main,0,0,-2.0355291906059745,0.7014296060702083,-2.0301706080678814,0.6932764639773729,-0.7836000295894798,5.081886698576966,-2.75669620287855,2.3284542877991634,0.0159963923449248,0.2,-0.00926064776815336,0.32,0.0050635670648398814,0.005048385958486999,0
83.7,0.49608932940290085,main,0,0,-2.036138105633796,0.7009131313552285,-2.030883642558047,0.6930387858139843,-0.7828344070530032,5.082113294635978,-2.761589537307676,2.322770514566114,0.01596901552783558,0.2,-0.008942366786590626,0.32,0.005063351028945111,0.005051378972578621,0
83.75,0.4961485243016067,main,0,0,-2.0367404877743045,0.7003917513048687,-2.031593656482813,0.6928021145057289,-0.7820727801544342,5.08234701640966,-2.7664257902870797,2.317038092990618,0.015933629845288715,0.2,-0.00862076302810593,0.32,0.0050630723281536736,0.005053717643693632,0
83.80000000000001,0.4962074326696759,main,0,0,-2.037336001029705,0.6998658088083658,-2.0323002336124087,0.6925665887958637,-0.7813155947436621,5.082587685894014,-2.7712044781954934,2.311257596310057,0.0158902680529339,0.2,-0.008296560650467452,0.32,0.005062731628971105,0.005055520440749127,0
83.85000000000001,0.4962660200796741,main,0,0,-2.037924320115491,0.6993356542876172,-2.03300296100656,0.6923323463311466,-0.7805632899115281,5.08283511386761,-2.7759251231681086,2.305429602569281,0.015838979292494663,0.2,-0.00797047328464621,0.32,0.005062329815664813,0.0050568823157322645,0
83.9,0.4963242524807806,main,0,0,-2.038505131134826,0.6988016449374878,-2.033701430242289,0.6920995232525702,-0.7798162970660943,5.083089100314251,-2.7805872531443616,2.299554694562808,0.01577982796112602,0.2,-0.007643198524888463,0.32,0.005061867977950992,0.00505787944817601,0
83.95,0.49638209629132346,main,0,0,-2.039078132178307,0.698264143978206,-2.034395238523827,0.691868253825391,-0.7790750390820584,5.083349434864709,-2.78519040191514,2.2936334597765424,0.01571289250340722,0.2,-0.00731541293081988,0.32,0.005061347397389162,0.0050585730380186406,0
84.0,0.49643951848266454,main,0,0,-2.03964303384995,0.6977235199241159,-2.0350839896887765,0.6916386701037412,-0.7783399295242664,5.08361589725329,-2.7897341091694026,2.2876664903290287,0.015638264180987373,0.2,-0.00698776759834378,0.32,0.005060769533033961,0.005059012337021705,0
84.05000000000001,0.49649648665524604,main,0,0,-2.040199559721962,0.6971801458715144,-2.035767295120251,0.691410901626583,-0.7776113719440837,5.083888257785706,-2.7942179205402105,2.2816543829122393,0.015556045863382743,0.2,-0.006660884338531446,0.32,0.005060136006794512,0.005059237070976266,0
84.10000000000001,0.49655296910740404,main,0,0,-2.040747446722117,0.6966343988069896,-2.036444774572261,0.6911850751425795,-0.7768897592456991,5.084166277815392,-2.798641387650163,2.2755977387319057,0.015466350873770808,0.2,-0.006335352485991855,0.32,0.00505944858886573,0.005059279374554158,0
84.15,0.49660893489744734,main,0,0,-2.0412864454584185,0.6960866589365554,-2.037116056914321,0.690961314361893,-0.7761754731182017,5.0844497102261395,-2.803004068156236,2.269497163447399,0.015369301915152627,0.2,-0.006011726341341598,0.32,0.005058709183516749,0.005059165336346677,0
84.2,0.49666435389945507,main,0,0,-2.041816320486248,0.6955373090349702,-2.0377807808007082,0.6907397397330972,-0.7754688835284214,5.084738299919481,-2.807305525794013,2.263353267111164,0.015265030094817009,0.2,-0.005690523236942857,0.32,0.005057919815446654,0.005058916232166673,0
84.25,0.49671919685323057,main,0,0,-2.042336850523442,0.6949867338139039,-2.038438595269643,0.6905204682434523,-0.7747703482690217,5.085031784305861,-2.8115453304213163,2.2571666641077135,0.015153674058435831,0.2,-0.0053722222016058955,0.32,0.005057082616852567,0.005058549509103853,0
84.30000000000001,0.4967582498316139,main,0,0,-2.042842653969964,0.694440903453292,-2.038907016688751,0.6903643277704163,-0.7740872015248107,5.085326874859679,-2.8157230580612156,2.2509379730921935,0.01488311673110209,0.2,-0.0052008937825917265,0.32,0.005055073482065108,0.0050578543036961035,0
84.35000000000001,0.49678558691648217,main,0,0,-2.043330251090546,0.693904050485099,-2.039234911682126,0.6902550294392914,-0.7734243358815442,5.085621104702548,-2.8198382909444284,2.2446678169285144,0.014504648378470769,0.2,-0.005136704400829305,0.32,0.005052322442348319,0.005056747931426547,0
84.4,0.49680472287588995,main,0,0,-2.0437976811423555,0.6933789456677244,-2.0394644381774873,0.6901785206075042,-0.7727846639962234,5.08591273083597,-2.8238906175510956,2.2383568226270674,0.014060240717214382,0.2,-0.005143727913449255,0.32,0.005049180717954521,0.005055234488732142,0
84.45,0.49681811804747544,main,0,0,-2.044244004234966,0.692867341264377,-2.039625106724241,0.690124964425253,-0.7721697533201738,5.08620052977447,-2.8278796326519338,2.2320056212820236,0.013578562052323346,0.2,-0.005196347018465695,0.32,0.005045883804500545,0.005053364351885823,0
84.5,0.49682749466758525,main,0,0,-2.0446689617068943,0.692370279973296,-2.039737574706969,0.690087475097677,-0.7715802615523859,5.0864836520726895,-2.831804937348757,2.2256148480082247,0.013079125047779177,0.2,-0.005276686723908168,0.32,0.005042584533752268,0.005051208388259112,0
84.55000000000001,0.4968340583016621,main,0,0,-2.045072743984368,0.6918883111311113,-2.0398163022948776,0.690061232568374,-0.7710162363188651,5.086761518278606,-2.835666139114366,2.2191851418776727,0.012575119759887964,0.2,-0.005372482364918728,0.32,0.005039378343847366,0.005048842379376763,0
84.60000000000001,0.4968524065823786,main,0,0,-2.0453378122647474,0.6915654110847789,-2.0400171501531155,0.6899656996937685,-0.7706433474741319,5.086949878419449,-2.8394628518318026,2.2127171458556227,0.008355253034701658,0.2,-0.005381809692348821,0.32,0.005017422209978311,0.005042558345497073,0
84.65,0.4968749160173038,main,0,0,-2.045597450976423,0.6912425961518405,-2.040144424512628,0.6897111509747444,-0.7702754601704058,5.087140353282058,-2.843194695832959,2.206211506736287,0.008285450899709322,0.2,-0.00547570263075683,0.32,0.005017132820797912,0.0050374732405572414,0
84.7,0.4969002788381993,main,0,0,-2.04585289733337,0.6909184082851203,-2.0402878326788305,0.6894243346423392,-0.769910853765091,5.08733377712601,-2.846861297936544,2.1996688750781552,0.008254710514749531,0.2,-0.00556521872030363,0.32,0.005017006140538878,0.005033379820553569,0
84.75,0.49692762367994103,main,0,0,-2.0461049644791744,0.6905918436502397,-2.040442447720487,0.689115104559026,-0.7695483789925983,5.087530739929744,-2.8504622914854036,2.193089905138942,0.008250631654573922,0.2,-0.005650654388079581,0.32,0.005016989366816288,0.0050301017298061135,0
84.80000000000001,0.49695637051986447,main,0,0,-2.0463541831485648,0.6902622063322739,-2.040604990034472,0.6887900199310563,-0.7691872692904732,5.087731664018891,-2.8539973163831838,2.1864752548101585,0.008264882493256229,0.2,-0.005732177017679031,0.32,0.00501704800720178,0.005027490985285247,0
84.85000000000001,0.49698613374331113,main,0,0,-2.0466008956335764,0.689929009408645,-2.040773279252472,0.688453441495056,-0.7688270148865951,5.087936856622712,-2.8574660191303405,2.1798255855513253,0.008291857214796982,0.2,-0.0058098781226569585,0.32,0.005017159279928762,0.005025424644213951,0
84.9,0.4970166573861503,main,0,0,-2.0468453180833515,0.6895919081155827,-2.0409458680848984,0.6881082638302037,-0.7684672788160736,5.088146545857782,-2.860868052859489,2.1731415623238273,0.008327775591079497,0.2,-0.005883802028519285,0.32,0.005017308004870467,0.005023801316345254,0
84.95,0.4970477718840375,main,0,0,-2.0470875817943797,0.689250654745306,-2.0411217977696405,0.6877564044607187,-0.7681078409338381,5.08836090531575,-2.8642030773700924,2.166423853524417,0.008370079292485944,0.2,-0.005953962230375427,0.32,0.005017483987857389,0.005022537850647681,0
85.0,0.497079365192258,main,0,0,-2.0473277605710556,0.6889050682480562,-2.041300434775944,0.6873991304481117,-0.7677485606087778,5.088580070823692,-2.867470759162478,2.159673130918376,0.008417027310089843,0.2,-0.006020351247584776,0.32,0.005017680327785526,0.00502156634607525,0
85.05000000000001,0.49711136350508617,main,0,0,-2.0475658888568717,0.6885550137789288,-2.041481361786515,0.6870372764269695,-0.7673893518771907,5.088804151833627,-2.87067077147119,2.1528900695723396,0.008467424918164377,0.2,-0.006082946858750119,0.32,0.005017892307718524,0.005020831538403905,0
85.10000000000001,0.49714371838581084,main,0,0,-2.0478019737547757,0.6882003889666733,-2.0416643049272465,0.6866713901455067,-0.767030166901136,5.089033239130224,-2.873802794297664,2.1460753477867898,0.0085204421595481,0.2,-0.006141716210647567,0.32,0.005018116662303146,0.005020288563183753,0
85.15,0.4971763981767225,main,0,0,-2.0480360030045093,0.6878411147237398,-2.0418490851969904,0.6863018296060196,-0.7666709849593513,5.089267410016677,-2.8768665144422276,2.1392296470282264,0.00857549232094337,0.2,-0.006196618616641211,0.32,0.0050183510908828706,0.0050199010687235765,0
85.2,0.49720938226579314,main,0,0,-2.048267950287259,0.687477129122829,-2.0420355860498325,0.6859288279003353,-0.7663118051215706,5.08950673177452,-2.8798616255354195,2.1323536518610204,0.008632150592882193,0.2,-0.006247607515329504,0.32,0.005018593932531738,0.005019639641485209,0
85.25,0.4972426572595999,main,0,0,-2.048497778765229,0.6871083833431458,-2.042223731755781,0.6855525364884382,-0.7659526413733955,5.0897512639427855,-2.8827890132764566,2.1254485522228093,0.008690099638554301,0.2,-0.006294631875664231,0.32,0.005018843948492421,0.005019480502886651,0
85.30000000000001,0.49727621442796327,main,0,0,-2.048725443456975,0.6867348390129151,-2.0424134729520693,0.6851730540958618,-0.7655935193700948,5.09000105978995,-2.885650900702205,2.118516049041249,0.008749093176214365,0.2,-0.006337637230400965,0.32,0.005019100176178415,0.0050194044375450044,0
85.35000000000001,0.4973100479967999,main,0,0,-2.0489508928460793,0.6863564664933619,-2.042604776990486,0.6847904460190274,-0.7652344742719627,5.090256167234192,-2.888449410198191,2.111557719888293,0.008808931617412308,0.2,-0.0063765664573333,0.32,0.005019361831009951,0.005019395916237994,0
85.4,0.4973441540066083,main,0,0,-2.0491740699861234,0.6859732437970996,-2.042797621482953,0.6844047570340943,-0.7648755492966689,5.090516629386681,-2.8911865662022183,2.104575028644251,0.00886944577228628,0.2,-0.006411360388652789,0.32,0.005019628240295068,0.005019442381049409,0
85.45,0.4973785295480894,main,0,0,-2.049394913275829,0.6855851559336478,-2.042991989979515,0.6840160200409698,-0.7645167947458344,5.0907824848372965,-2.893864298062981,2.0975693343830195,0.008930485952436213,0.2,-0.006441958303295332,0.32,0.005019898798617912,0.005019533664563109,0
85.5,0.4974131722491963,main,0,0,-2.0496133570193087,0.6851921945421441,-2.0431878690679857,0.683624261864029,-0.7641582673441752,5.091053767764399,-2.8964844430197605,2.090541899544797,0.00899191468549292,0.2,-0.006468298340079732,0.32,0.005020172937686192,0.005019661519187726,0
85.55000000000001,0.497448079929809,main,0,0,-2.049829331847387,0.684794357716736,-2.0433852464213835,0.6832295071572327,-0.7638000297835505,5.091330507924426,-2.899048749270808,2.0834938974554924,0.009053601847092196,0.2,-0.00649031785784468,0.32,0.005020450105918101,0.0050198192365338,0
85.60000000000001,0.49748325036818347,main,0,0,-2.0500427650502053,0.6843916499607584,-2.043584109477375,0.6828317810452509,-0.763442150400179,5.0916127305595,-2.901558879100756,2.0764264192463426,0.00911542141187064,0.2,-0.006507953760752612,0.32,0.00502072975460628,0.005020001340148297,0
85.65,0.49751868114196757,main,0,0,-2.050253580854304,0.6839840822264253,-2.0437844445393325,0.6824311109213355,-0.7630847029371843,5.091900456249221,-2.90401641204066,2.0693404802225235,0.00917724929000143,0.2,-0.006521142801376895,0.32,0.005021011328539909,0.00502020333782662,0
85.7,0.4975543695190104,main,0,0,-2.0504617006661245,0.68357167201065,-2.0439862361589456,0.6820275276821086,-0.7627277663605216,5.092193700724682,-2.906422848037743,2.0622370257254534,0.009238961892938642,0.2,-0.0065298218702753855,0.32,0.005021294259665227,0.005020421522194342,0
85.75,0.4975903123814788,main,0,0,-2.0506670432964618,0.6831544434869408,-2.044189466707153,0.6816210665856937,-0.7623714247069056,5.09249247465716,-2.9087796106152424,2.0551169365298536,0.00930043519047189,0.2,-0.006533928278045538,0.32,0.005021577962834927,0.00502065281032246,0
85.80000000000001,0.4976265061723221,main,0,0,-2.0508695251754654,0.6827324276595919,-2.044394116071439,0.6812117678571217,-0.7620157669493836,5.092796783430238,-2.911088050005945,2.0479810338133464,0.009361544100365674,0.2,-0.006533400033925884,0.32,0.005021861833011414,0.005020894614860251,0
85.85000000000001,0.49766294685680557,main,0,0,-2.0510690605645534,0.6823056625306035,-2.0446001614383356,0.6807996771233285,-0.7616608868708759,5.093106626901522,-2.9133494462458294,2.0408300837333755,0.009422162104718003,0.2,-0.0065281761236508536,0.32,0.0050221452435008146,0.005021144740588364,0
85.9,0.4976996298942909,main,0,0,-2.0512655617694384,0.6818741932725781,-2.0448075771338607,0.6803848457322784,-0.7613068829391118,5.093421999158447,-2.9155650122167995,2.033664801643445,0.009482161022514068,0.2,-0.00651819678831102,0.32,0.005022427544936928,0.005021401301458077,0
85.95,0.4977365502170733,main,0,0,-2.051458939357027,0.6814380724027329,-2.0450163345038574,0.6799673309922849,-0.7609538581784706,5.093742888271492,-2.9177358966297295,2.026485855978119,0.009541410891398362,0.2,-0.006503403805283565,0.32,0.005022708064828684,0.005021662654132199,0
86.0,0.49777370221417605,main,0,0,-2.051649102378001,0.6809973599544269,-2.045226401822364,0.6795471963552718,-0.7606019200356251,5.094069276047378,-2.9198631869409724,2.019293871833831,0.009599779927429877,0.2,-0.006483740771786748,0.32,0.005022986107549647,0.005021927344815689,0
86.05000000000001,0.49781107971872834,main,0,0,-2.0518359585962225,0.6805521236434404,-2.045437744220245,0.6791245115595097,-0.760251180236818,5.094401137784313,-2.9219479121971563,2.012089434270341,0.009657134542064122,0.2,-0.006459153391268791,0.32,0.005023260954689473,0.005022194066790446,0
86.10000000000001,0.4978486759980352,main,0,0,-2.0520194147256743,0.6801024390268028,-2.0456503236290438,0.6786993527419116,-0.7599017546352403,5.094738442031005,-2.9239910458044993,2.0048730913556407,0.00971333940257578,0.2,-0.006429589762551719,0.32,0.00502353186571688,0.005022461626575733,0
86.15,0.49788648374576977,main,0,0,-2.0521993766753197,0.6796483896523359,-2.0458640987368373,0.6782718025263255,-0.759553763047414,5.095081150350974,-2.925993508220059,1.9976453569751955,0.009768257526785179,0.19730948510406088,-0.006395000671448247,0.32,0.004956858148847198,0.005009340931030027,0
86.2,0.49792449507593267,main,0,0,-2.052375796333647,0.6791901302109196,-2.046079024954077,0.6778419500918469,-0.7592073119553188,5.095429140655836,-2.9279561695633354,1.990406713424667,0.009820908542320692,0.1904965007477008,-0.006355339884420445,0.32,0.0047876610792421705,0.004965004960672456,0
86.25,0.49796270067480064,main,0,0,-2.0525487025588047,0.6787279139998241,-2.0462950496184824,0.6774099007630354,-0.7588624772458068,5.095782169566285,-2.929879852147462,1.9831576138036433,0.009869962279515707,0.18403997343495007,-0.006310631705816174,0.32,0.0046273896828783,0.004897481905113625,0
86.30000000000001,0.4980010889532895,main,0,0,-2.052718127593789,0.6782619829374624,-2.0465121072022763,0.6769757855954477,-0.7585193271140976,5.096140002745939,-2.9317653329541407,1.9758984842327068,0.009915575572863211,0.17792146865463968,-0.006261010297347865,0.32,0.004475581216723983,0.004813101767435697,0
86.35000000000001,0.4980396470069727,main,0,0,-2.0528841060778134,0.67779256910414,-2.0467301247403817,0.6765397505192359,-0.7581779235904051,5.096502413891026,-2.933613346075969,1.9686297259136023,0.009957875357194968,0.17212323123939,-0.0062066097828131946,0.32,0.004331789746946835,0.004716839363337924,0
86.4,0.49807836124490484,main,0,0,-2.0530466743324216,0.6773198958588914,-2.0469490253859632,0.6761019492280734,-0.7578383236440327,5.096869183996957,-2.935424585097186,1.9613517170369918,0.009996968224021605,0.16662823236052493,-0.006147563544790242,0.32,0.004195587363102423,0.004612588963290825,0
86.45,0.4981172177985202,main,0,0,-2.0532058698362965,0.6768441786708213,-2.0471687307224435,0.6756625385551127,-0.757500579999552,5.097240100809858,-2.937199705395105,1.954064814544992,0.01003294675515392,0.16142019093475457,-0.006084003721595898,0.32,0.004066564745256427,0.004503384119683945,0
86.5,0.49815620278464473,main,0,0,-2.053361730831845,0.676365625757543,-2.047389162250648,0.6752216754987042,-0.75716474175453,5.097614958401379,-2.9389393263519987,1.9467693557570653,0.010065893715722352,0.15648357755990644,-0.006016060847486344,0.32,0.003944331289262815,0.004391573553599719,0
86.55000000000001,0.4981953024718806,main,0,0,-2.0535142960256314,0.6758844385925391,-2.047610242329583,0.6747795153408334,-0.7568308548584681,5.097993556825514,-2.9406440334721897,1.939465659868382,0.010095884827385285,0.15180360658777772,-0.005943863596635004,0.32,0.003828514931965289,0.004278961829272833,0
86.60000000000001,0.49823450338312897,main,0,0,-2.0536636043571406,0.6754008123226389,-2.047831894756132,0.6743362104877364,-0.7564989624929327,5.098375701830054,-2.942314380402401,1.9321540293297994,0.01012299060150896,0.14736622022711612,-0.005867538603297661,0.32,0.003718761774678834,0.0041669218183540335,0
86.65,0.4982737923560417,main,0,0,-2.053809694818491,0.6749149361230105,-2.04805404510686,0.6738919097862792,-0.7561691053798427,5.098761204604632,-2.943950890855584,1.9248347511183483,0.010147277551402071,0.1431580673927378,-0.005787210338696063,0.32,0.0036147355735279985,0.004056484569388827,0
86.7,0.4983131565758907,main,0,0,-2.053952606313066,0.6744269935078464,-2.0482766209238727,0.6734467581522544,-0.755841322036261,5.099149881553582,-2.945554060439856,1.917508097906679,0.01016880899564708,0.1391664792051132,-0.0057030010306849946,0.32,0.003516117144655871,0.003948411084442236,0
86.75,0.4983525835904829,main,0,0,-2.0540923775445803,0.6739371626087856,-2.0484995517991416,0.6730008964017168,-0.7555156489883148,5.099541554086031,-2.947124358395061,1.9101743291394027,0.010187645593240554,0.13537944248144992,-0.0056150306161123625,0.32,0.003422603718070678,0.0038432496111679244,0
86.80000000000001,0.4983920613135141,main,0,0,-2.054229046930452,0.6734456164290302,-2.048722769393473,0.6725544612130532,-0.7551921209530624,5.099936048418401,-2.9486622292400333,1.9028336920237168,0.010203845703783347,0.13178557216585396,-0.005523416718419557,0.32,0.003333908263928832,0.003741381341720106,0
86.85000000000001,0.4984315780206048,main,0,0,-2.054362652534959,0.6729525230784177,-2.048946207414094,0.672107585171812,-0.7548707709945728,5.100333195386352,-2.9501680943339395,1.895486422441147,0.010217465634374473,0.1283740833693711,-0.005428274644913641,0.32,0.003249758808058326,0.0036430568349877504,0
86.9,0.49847112234082697,main,0,0,-2.0544932320187317,0.6724580459929208,-2.0491698015667383,0.6716603968665232,-0.7545516306587724,5.100732830264371,-2.9516423533552514,1.8881327457867054,0.01022855981384883,0.12513476349426364,-0.005329717399461466,0.32,0.003169897748570348,0.00354842501770427,0
86.95,0.4985106832455781,main,0,0,-2.0546208226018883,0.6719623441408814,-2.049393489492741,0.6712130210145177,-0.7542347300904487,5.101134792591986,-2.953085385701948,1.8807728777412587,0.010237180921045318,0.12205794477644435,-0.005227855707300004,0.32,0.0030940811818585784,0.0034575562505351322,0
87.0,0.4985428630393252,main,0,0,-2.054744345413037,0.6714700187711335,-2.0495754426449184,0.6708491147101628,-0.7539229143727855,5.101535308650078,-2.954497551816532,1.8734070249824248,0.010151692559795596,0.11854841905478428,-0.005135169172255693,0.32,0.003006862474792321,0.00336741749538657,0
87.05000000000001,0.49856789721032246,main,0,0,-2.054862907623834,0.6709853107757748,-2.0497169925367826,0.6705660149264343,-0.7536187128694408,5.101930859258669,-2.955879407978467,1.86603542586502,0.009979956685148577,0.11464779098283322,-0.005052265094752848,0.32,0.002909307705343353,0.003275795537377927,0
87.10000000000001,0.4985972216732355,main,0,0,-2.05497739249467,0.6705053678443897,-2.04988280088549,0.6702343982290196,-0.7533201657115863,5.1023236971356285,-2.9572316898487956,1.858658344210112,0.009868171118030558,0.11128237430208028,-0.004960567001669714,0.32,0.0028254745215591363,0.003185731334214169,0
87.15,0.4986294114834544,main,0,0,-2.0566769878651323,0.6632004807421339,-2.0500458280667075,0.6698625157998763,-0.7488154290041346,5.108320141681903,-2.9585549730515526,1.8512760057211708,0.15,-0.08611368886920871,-0.004881163953809992,0.12,0.007802866757267159,0.004109158418824767,0
87.2,0.49882913230899567,main,0,0,-2.0584080199228634,0.6559029792508626,-2.050844346015045,0.6674669619548641,-0.7442849153348681,5.114297134729631,-2.959804367936195,1.8438808037345966,0.15,-0.09343342076127713,-0.004113441268687019,0.12,0.007855324790991807,0.004858391693258175,0
87.25,0.4991461944760142,main,0,0,-2.0601731244935273,0.6486136441745596,-2.052112014674119,0.6636639559776432,-0.7397265286598829,5.120252897562494,-2.960979749564275,1.8364734777644256,0.15,-0.10718078707776074,-0.00323725510242623,0.12,0.007964284380854976,0.0054795702307775355,0
87.30000000000001,0.49954546741442807,main,0,0,-2.0619772673645227,0.6413338729898974,-2.053708376028749,0.6588748719137535,-0.7351362904269537,5.126184146416231,-2.9620810003986104,1.8290547685370817,0.15,-0.12496389051395347,-0.002264925387730831,0.12,0.00812465283613647,0.006008586751849322,0
87.35000000000001,0.5000023655280141,main,0,0,-2.0638268601493293,0.6340655164679324,-2.05553513266903,0.6533946019929104,-0.7305090824395489,5.132086598977777,-2.9631080103150347,1.8216254179173057,0.15,-0.14509825308585889,-0.0012327754977586453,0.12,0.008331172750900999,0.006473103951659658,0
87.4,0.5005039393507256,main,0,0,-2.0657291350879743,0.626810769741974,-2.057540510419526,0.6473784687414212,-0.725839174823146,5.137955326510578,-2.9640606766134123,1.8141861688339684,0.15,-0.16663318490870221,-0.00018206284981871993,0.12,0.008579285310881809,0.006894340223504088,0
87.45,0.5010291937627257,main,0,0,-2.0676917873806553,0.6195721237375037,-2.0596405672077394,0.6410782983767818,-0.721120533617925,5.143784942722337,-2.964942215054844,1.8067381563489977,0.15,-0.18820957503984204,0.0008561043566030569,0.12,0.008853771941123419,0.007286226567027955,0
87.5,0.5015713235746305,main,0,0,-2.069722470889587,0.6123522674725527,-2.0625570320821787,0.6348859358356429,-0.71634724267598,5.149569896791605,-2.9657682340387255,1.7992837822882017,0.15,-0.16851847132017747,0.0019660097583382944,0.12,0.008602269873995799,0.007549435228421524,0
87.55000000000001,0.5021255893036973,main,0,0,-2.07181391555077,0.6051497776787932,-2.065690998612244,0.6286180027755126,-0.7115253781717085,5.155314426598513,-2.9665380852023606,1.7918233983043943,0.15,-0.14077816699627732,0.003006059731704067,0.12,0.008284718322868303,0.007696491847310881,0
87.60000000000001,0.5026886263719462,main,0,0,-2.0739560056474704,0.597962187678131,-2.0688745606377164,0.6222508787245677,-0.7066631982346271,5.161024873714059,-2.967247925997697,1.7843570654665633,0.15,-0.1136916441507893,0.003963935415761592,0.12,0.008020512372571304,0.007761295952362966,0
87.65,0.5032580245824074,main,0,0,-2.0761389193601856,0.5907868906304236,-2.072094090260933,0.6158118194781346,-0.7017686355254888,5.166707589252102,-2.967894053968388,1.7768849493910803,0.15,-0.08741521993888676,0.004854009690536754,0.12,0.007811906804558154,0.007771418122802004,0
87.7,0.5038559090482391,main,0,0,-2.0783531736308567,0.5836212030831734,-2.0754746887834448,0.6090506224331105,-0.6968492818556933,5.172368857614534,-2.9684729422121325,1.7694073235378263,0.15,-0.061188517877563145,0.005704848527935693,0.12,0.007654411910789307,0.007748016880399465,0
87.75,0.5044523444175394,main,0,0,-2.0805893403945594,0.5764623234079091,-2.0788470937269747,0.6023058125460509,-0.691912631004668,5.178015049107485,-2.9689809588559357,1.761924548712294,0.15,-0.03620024510082416,0.006520264326441237,0.12,0.007554405078551917,0.007709294520029955,0
87.80000000000001,0.5050477765909551,main,0,0,-2.0806354457096505,0.5763156548703163,-2.081565411612379,0.5953037651628634,-0.6918112239766552,5.178130608506362,-2.969414775243911,1.7544371056680017,0.0030748892662505294,-0.2,0.008862557529230519,0.32,0.005002363177539011,0.0071679082515317665,0
87.85000000000001,0.5054682266124151,main,0,0,-2.080756193487657,0.5759445498358146,-2.0832464425594757,0.590260672321573,-0.691550898564326,5.178421348342336,-2.9699234431237893,1.746954375084319,0.007805100192208914,-0.2,0.00972533486915722,0.32,0.005015206772659031,0.00673736795575722,0
87.9,0.5057718013337867,main,0,0,-2.080927855365799,0.5754343631329093,-2.084460186108852,0.5866194416734449,-0.6911878306245653,5.178818764928988,-2.970506911629207,1.739477105228069,0.010765839906456498,-0.2,0.009530770105325841,0.32,0.005028892350431405,0.0063956728346920575,0
87.95,0.5059970761448942,main,0,0,-2.0811354846654053,0.5748371073218878,-2.085360873252969,0.5839173802410917,-0.6907566978183024,5.179281311070706,-2.9711651224138,1.7320060438200062,0.012646334328238293,-0.2,0.009007758847968969,0.32,0.005039823849089661,0.0061245030375715786,0
88.0,0.5061697708491779,main,0,0,-2.081369466605557,0.574185141492291,-2.086051336155772,0.5818459915326843,-0.6902793634587512,5.179783266148846,-2.9718980096570378,1.7245419379600455,0.013853620339517887,-0.2,0.008454564003051432,0.32,0.00504775266740336,0.005909152963537936,0
88.05000000000001,0.5063070887525564,main,0,0,-2.0816234717887507,0.5734990412506709,-2.0866003565705364,0.580198930288391,-0.6897699268232592,5.180308362796197,-2.972705500070807,1.7170855340525528,0.014632186092863802,-0.2,0.007970138713659735,0.32,0.005053241749079452,0.005737970720646239,0
88.10000000000001,0.5064205615140062,main,0,0,-2.0818932545422255,0.5727921172573878,-2.0870540400380437,0.5788378798858683,-0.6892376471657854,5.180846138430259,-2.973587512906739,1.7096375777317054,0.015133066660155427,-0.2,0.007572559518138126,0.32,0.005056928343011267,0.005601762245119245,0
88.15,0.5065179298108093,main,0,0,-2.0821759264299096,0.5720730877777098,-2.087443335107227,0.577669994678319,-0.6886886875735851,5.181389783677515,-2.9745439599642856,1.7021988137869286,0.015451948598578367,-0.2,0.007251598385656661,0.32,0.0050593385722574186,0.0054932775105468795,0
88.2,0.5066043941931615,main,0,0,-2.0824695007726883,0.5713477135620255,-2.0877890344653833,0.5766328966038499,-0.6881271918597237,5.181934830657906,-2.9755747455995376,1.694769986088418,0.01565060570735474,-0.2,0.006990051239982315,0.32,0.005060864911012399,0.0054067949906399845,0
88.25,0.5066834504631003,main,0,0,-2.082772598153267,0.5706198260612579,-2.088105114925714,0.5756846552228578,-0.6875559691955161,5.182478331259362,-2.9766797667347906,1.6873518375127528,0.015769441789579605,-0.2,0.0067715323967324405,0.32,0.005061787059516271,0.005337793404415241,0
88.30000000000001,0.5067574490845994,main,0,0,-2.083084251674455,0.5698919872629375,-2.0884009740443568,0.5747970778669291,-0.686976938724666,5.183018332136617,-2.9778589128688524,1.6799451098686087,0.015835115832972008,-0.2,0.006582749610886355,0.32,0.005062299599352862,0.005282694643402765,0
88.35000000000001,0.5068279704562999,main,0,0,-2.083403776187938,0.5691659190567917,-2.088682930524817,0.5739512084255489,-0.6863914225854727,5.183553534720164,-2.9791120660880916,1.6725505438225778,0.015865320100045148,-0.2,0.0064136902725811604,0.32,0.005062536020088288,0.0052386629187398705,0
88.4,0.5068960769560416,main,0,0,-2.083730679578116,0.5684427852826689,-2.0889552319350218,0.5731343041949344,-0.6858003409691965,5.184083073014046,-2.9804391010782307,1.665168878825103,0.01587184024348735,-0.2,0.006257129069156568,0.32,0.005062587113500955,0.005203447757692088,0
88.45,0.5069624823573787,main,0,0,-2.0840646021628353,0.5677233782147616,-2.0892207320634664,0.5723378038096006,-0.6852043428651947,5.184606367464586,-2.9818398851368766,1.6578008530365322,0.01586254483921827,-0.2,0.0061080063550418345,0.32,0.005062514278689934,0.005175261061891657,0
88.5,0.5070209541935822,main,0,0,-2.0844039786696014,0.5670109638826618,-2.0894545124444264,0.5716364626667204,-0.6846061791416531,5.1851210622807296,-2.983314278186791,1.6504472032533046,0.015782402781905423,-0.2,0.006026155746646162,0.32,0.005061888046364209,0.005152586458786168,0
88.55000000000001,0.5070618844789246,main,0,0,-2.084745333027882,0.5663124744105322,-2.0896181587110987,0.571145523866704,-0.6840118291900686,5.185622219417409,-2.984862132789897,1.6431086648342703,0.01554876638956386,-0.2,0.006104496195441726,0.32,0.005060080072547468,0.0051340851815384276,0
88.60000000000001,0.5070905356786644,main,0,0,-2.085086208102039,0.5656322930658073,-2.0897327110977693,0.5708018667066918,-0.6834253109547447,5.1861068211482415,-2.9864832941620247,1.6357859716271559,0.015216339611003356,-0.2,0.006291446837614066,0.32,0.005057553012860307,0.005118778747802803,0
88.65,0.5071105915184821,main,0,0,-2.0854248755351383,0.5649730584217657,-2.0898128977684385,0.5705613066946845,-0.6828492711180301,5.186573151559714,-2.9881776001883877,1.6284798558951796,0.014822765546910473,-0.2,0.006548821031721689,0.32,0.005054630149293377,0.005105949028100918,0
88.7,0.5071246306063546,main,0,0,-2.085760130485536,0.5643362159229076,-2.089869028437907,0.5703929146862788,-0.6822853956178611,5.187020374848942,-2.9899448814397953,1.6211910482438265,0.014393946645977403,-0.2,0.006849276970935555,0.32,0.00505153088183345,0.005095065398847425,0
88.75,0.5071344579678653,main,0,0,-2.0860911451062143,0.5637223988275408,-2.0899083199065345,0.5702750402803952,-0.681734697523797,5.1874482459917655,-2.991784961189595,1.6139202775477877,0.013947646477701133,-0.2,0.0071736745170657215,0.32,0.00504839995500219,0.005085732310078379,0
88.80000000000001,0.5071413371209228,main,0,0,-2.0864173634400194,0.5631316921574141,-2.0899358239345744,0.5701925281962757,-0.6811977197797687,5.187856911715629,-2.9936976554313453,1.6066682708780737,0.01349596638174139,-0.2,0.007508853666214251,0.32,0.0050453297980847306,0.00507765180767965,0
88.85000000000001,0.507146152528063,main,0,0,-2.0867384258092505,0.5625638157718724,-2.0899550767542023,0.5701347697373927,-0.6806746783048981,5.188246773549818,-2.9956827728972155,1.5994357534293082,0.01304706302877814,-0.2,0.007845919724745217,0.32,0.005042376883394489,0.005070596822822618,0
88.9,0.5071592119515325,main,0,0,-2.087238095809324,0.5617002993799847,-2.0900206208125134,0.569989689593743,-0.6798688536255216,5.188834971861734,-2.997740115077114,1.592223448447209,0.019953252046046446,-0.2,0.008109386747030855,0.32,0.0050985616273642705,0.005076189783730949,0
88.95,0.5071881211640663,main,0,0,-2.087740525196649,0.5608517044307253,-2.0903475416367336,0.5698262291816333,-0.679066530183662,5.189408405181135,-2.9998694762385365,1.5850320771562643,0.019723576523097978,-0.2,0.008644190571080842,0.32,0.0050963269790266635,0.0050802172227900925,0
89.0,0.5072280254529589,main,0,0,-2.088250868755033,0.560009078470685,-2.090798800660111,0.5696005996699444,-0.6782593769827069,5.189973181921366,-3.002070643447142,1.5778623586876102,0.019702477571287444,-0.2,0.009143849420384202,0.32,0.0050961229435833805,0.00508339836694875,0
89.05000000000001,0.5072757309173785,main,0,0,-2.0887725576353215,0.5591668439236273,-2.091338279545245,0.5693308602273774,-0.6774420027234362,5.190533019076579,-3.0043433965880437,1.5707150100071188,0.01981432128612351,-0.2,0.009612375926074498,0.32,0.0050972069136021045,0.005086160076279421,0
89.10000000000001,0.5073291338319437,main,0,0,-2.089307791534551,0.5583217384573869,-2.0919421882413025,0.5690289058793488,-0.6766110776357402,5.191090012859839,-3.0066875083878215,1.5635907458437022,0.020006784608766336,-0.2,0.010051546962764559,0.32,0.005099086053005257,0.005088745271624589,0
89.15,0.5073868428909475,main,0,0,-2.0898578547369486,0.5574721343739839,-2.092594793119847,0.5687026034400763,-0.6757647695064581,5.191645133725488,-3.0091027444372487,1.5564902786178396,0.020242496142194928,-0.188327434543159,0.01046067824707705,0.32,0.00481574612611287,0.005034145442522245,0
89.2,0.5074479287088862,main,0,0,-2.0904225035566775,0.5566177457722998,-2.093285584192945,0.5683572079035275,-0.674903185814856,5.192198741632471,-3.011588863214733,1.5494143183703368,0.02048226718221304,-0.14925162221774257,0.010836981949518088,0.32,0.003869281248688405,0.004801172603755477,0
89.25,0.5075117385780115,main,0,0,-2.0909990401558187,0.5557593648245105,-2.0940071802925737,0.567996409853713,-0.6740291145404513,5.192751201322347,-3.014145616110469,1.5423635726913218,0.020680544496476685,-0.10818143861149693,0.011176440413476665,0.32,0.0028954666444652418,0.004420031411897431,0
89.30000000000001,0.5075777499408308,main,0,0,-2.0915842276015333,0.5548982046311813,-2.094753672059359,0.5676231639703203,-0.6731460068274434,5.193302710154935,-3.016772747451297,1.535338746649487,0.02082346008901321,-0.06548803994602821,0.011475114076435075,0.32,0.001940223784819569,0.003924069886481859,0
89.35000000000001,0.5076455154372062,main,0,0,-2.0921744043909407,0.554035790262088,-2.095520000505793,0.5672399997471036,-0.6722578282128595,5.193853351540384,-3.019469994526272,1.5283405427215826,0.020900403697285994,-0.021603296422346558,0.011729073185397773,0.32,0.0011763316696274929,0.003374522243110986,0
89.4,0.5077146280240885,main,0,0,-2.0927656037528144,0.5531738806798266,-2.0963015625715555,0.5668492187142221,-0.6713689179558813,5.19440311818953,-3.022221891555801,1.5213636478005685,0.02090363426272021,0.022972949488624373,0.011934841459632712,0.32,0.0011925823110389964,0.002938134256696588,0
89.45,0.5077846999197658,main,0,0,-2.0933536824206613,0.5523144059738504,-2.09709397301382,0.5664530134930899,-0.6704838458851083,5.19495191753294,-3.0250124399440352,1.514402122127778,0.020828185612670125,0.06767777467640029,0.012089816461269807,0.32,0.00198675842278533,0.0027478590899143365,0
89.5,0.5078553512638141,main,0,0,-2.0939344585516224,0.5514594101757242,-2.0978929361679164,0.5660535319160416,-0.6696072631327123,5.195499568340763,-3.0278253592499813,1.5074496056784457,0.020671901016670442,0.11190226189655879,0.01219263872250316,0.32,0.0029823885335559146,0.002794764978642652,0
89.55000000000001,0.5079262057129168,main,0,0,-2.0945038537434617,0.5506109946940275,-2.098694196142506,0.565652901928747,-0.668743749369736,5.196045795120794,-3.030644270211023,1.5004995163988954,0.020435456579899494,0.15501915593180457,0.012243467565417658,0.32,0.0040079117262238765,0.0030373943281588973,0
89.60000000000001,0.5079968909721897,main,0,0,-2.095058030431288,0.5497712613382515,-2.099493542828087,0.5652532285859564,-0.6678976641022107,5.196590224758314,-3.0334528978948754,1.4935452651427574,0.020122265380748235,0.19641741344327807,0.012244119678447431,0.32,0.005012448413697259,0.00343240514526657,0
89.65,0.5085183197922386,main,0,0,-2.0956809814939215,0.5488068450622886,-2.1053901385732208,0.5623049307133895,-0.6669383116183302,5.197220946243163,-3.036235285102455,1.4865804735861423,0.022962288908365953,0.2,0.012937168602364733,0.32,0.005130123466328777,0.003771948809479012,0
89.7,0.5089062035719563,main,0,0,-2.0962992004325973,0.5478284245503637,-2.1097765356367266,0.5601117321816366,-0.6659776330188943,5.197866390263105,-3.0389478864370605,1.479588206857856,0.023147365761942172,0.2,0.014208514781409361,0.32,0.00513220238828242,0.004043999525239693,0
89.75,0.5092009381150278,main,0,0,-2.096480598828804,0.5475348754247257,-2.11,0.5565234158965562,-0.6656931410654944,5.19806168694961,-3.0415904306408184,1.4725691641787448,0.006901491644831069,0.2,0.013700799567402555,0.32,0.005011893501193751,0.004237578320430506,0
89.80000000000001,0.5094142176094381,main,0,0,-2.0967067379141837,0.5471606060841228,-2.11,0.5538268537591624,-0.6653351219671925,5.198312762138554,-3.0441626534615107,1.4655240474472273,0.008745660072326763,0.2,0.013519401171195877,0.32,0.0050190852179705665,0.0043938796999385184,0
89.85000000000001,0.5095723938937137,main,0,0,-2.0969591062669464,0.5467333306595954,-2.11,0.5518269794609298,-0.6649317022705398,5.198601737262455,-3.0466642976789986,1.4584535611691056,0.00992479871596569,0.2,0.01329326208581616,0.32,0.005024565063155228,0.00452001677258186,0
89.9,0.5096932556557525,main,0,0,-2.0972254608023753,0.5462718995396264,-2.11,0.5502988848249514,-0.6645016946292822,5.198916311332396,-3.0490951131309454,1.4513584123871155,0.010655766833400224,0.2,0.013040893733053505,0.32,0.005028306217506877,0.004621674661566864,0
89.95,0.5097888076963106,main,0,0,-2.097497747942273,0.5457891036381834,-2.11,0.5490907892439298,-0.6640576320243535,5.199248034970245,-3.0514548567378315,1.4442393106102225,0.01108570555271819,0.2,0.012774539197624613,0.32,0.005030629400880454,0.004703465609429582,0
90.0,0.5098671498739555,main,0,0,-2.0977707098287386,0.5452935954105971,-2.11,0.5481002835669435,-0.6636078186021284,5.1995911158357195,-3.0537432925272623,1.437096967742672,0.01131435539601828,0.2,0.012502252057726704,0.32,0.0050319018864707086,0.004769152864837808,0
90.05000000000001,0.5099337467847962,main,0,0,-2.0980409508053235,0.5447912037262659,-2.11,0.5472582771249415,-0.6631577146682864,5.199941592708924,-3.0559601916575665,1.4299320980127985,0.011409252208812557,0.2,0.012229290171261287,0.32,0.005032437539593475,0.0048218097997889415,0
90.10000000000001,0.5099922853390808,main,0,0,-2.0983063128282518,0.5442858331469796,-2.11,0.5465181551104085,-0.6627108712343165,5.200296765020821,-3.058105332440678,1.4227454179016046,0.011416066321119986,0.2,0.011959049194676385,0.32,0.005032476172384686,0.004863943074308091,0
90.15,0.5100452537267989,main,0,0,-2.0985654580325708,0.5437800784920542,-2.11,0.5458484585266176,-0.6622695600771901,5.20065479919586,-3.060178500364306,1.4155376460711122,0.011365632545532953,0.2,0.011693687171748124,0.32,0.005032190776182796,0.004897592614683032,0
90.2,0.5100943321112417,main,0,0,-2.0988175900768837,0.5432756445060927,-2.11,0.5452279445216549,-0.661835198135149,5.201014457251892,-3.062179488113386,1.4083095032924982,0.011278727126097962,0.2,0.011434541967429102,0.32,0.0050317019202215695,0.00492441447579074,0
90.25,0.5101406561566458,main,0,0,-2.0990622683717373,0.5427736322137724,-2.11,0.5446422545225614,-0.6614086330951963,5.201374909851138,-3.064108095590811,1.4010617123740168,0.011169311699709304,0.2,0.011182409923116143,0.32,0.0050310917115087474,0.004945749922934343,0
90.30000000000001,0.5101849947029363,main,0,0,-2.0992992844146947,0.5422747341552983,-2.11,0.5440816678356676,-0.6609903353669798,5.201735607630362,-3.0659641299374396,1.39379499808872,0.011046734854580662,0.2,0.010937731628262615,0.32,0.005030415080027433,0.004962682954352961,0
90.35000000000001,0.5102278695055122,main,0,0,-2.0995285796120196,0.5417793673886394,-2.11,0.5435395877374646,-0.6605805269719648,5.202096192711032,-3.0677474055513847,1.386510087101981,0.010917225307307567,0.2,0.010700715585305165,0.32,0.005029708194420946,0.004976088002366558,0
90.4,0.5102696358972291,main,0,0,-2.0997501907845515,0.541287764019202,-2.11,0.5430115216388908,-0.6601792679546687,5.202456437885423,-3.0694577441065705,1.3792077078988279,0.01078490397979183,0.2,0.010471420387980324,0.32,0.005028994470531078,0.004986669295999463,0
90.45,0.5103105371037039,main,0,0,-2.0999642141274615,0.5408000327647927,-2.11,0.542494394359221,-0.659786514214982,5.202816204848609,-3.0710949745705665,1.3718885907110951,0.010652469532235505,0.2,0.01024980921544838,0.32,0.005028288751437902,0.004994993187087151,0
90.5,0.5103507408032196,main,0,0,-2.10017078145696,0.5403162007825947,-2.11,0.5419860858872931,-0.6594021561292651,5.20317541552573,-3.072658933221691,1.3645534674444026,0.010521662389829982,0.2,0.010035785872538394,0.32,0.0050276001679342725,0.005001514583256576,0
90.55000000000001,0.5103903637261907,main,0,0,-2.1003700446276956,0.5398362420559234,-2.11,0.5414851203624449,-0.6590260442691256,5.203534032395359,-3.0741494636653823,1.3572030716049646,0.010393578604495343,0.2,0.009829218543039975,0.32,0.005026934074614317,0.005006598481528124,0
90.60000000000001,0.5104294882012292,main,0,0,-2.1005621653760267,0.5393600966361985,-2.11,0.5409904568772094,-0.658658006463525,5.203892044987753,-3.0755664168498376,1.3498381382262392,0.010268881977394428,0.2,0.009629955372304266,0.32,0.005026293350239635,0.005010537455270426,0
90.65,0.5104681732808196,main,0,0,-2.100747308760728,0.5388876836677237,-2.11,0.5405013488117861,-0.658297859059174,5.204249460618106,-3.0769096510809195,1.3424594037954274,0.010147947293552801,0.2,0.009437834623973185,0.32,0.005025679266097347,0.005013565817435811,0
90.7,0.5105064622202397,main,0,0,-2.1009256389844055,0.5384189101891501,-2.11,0.540017249275604,-0.6579454142974924,5.204606298022051,-3.0781790320363247,1.335067606179823,0.010030956941206858,0.2,0.009252691239272082,0.32,0.005025092063125792,0.005015871066573808,0
90.75,0.5105443875039645,main,0,0,-2.101097316786866,0.5379536770686013,-2.11,0.5395377475568625,-0.6576004850959948,5.204962582978606,-3.079374432779015,1.327663484553028,0.009917966007466274,0.2,0.009074361015594334,0.32,0.005024531333797423,0.005017603120018531,0
90.80000000000001,0.5105819742233213,main,0,0,-2.1012624978734924,0.5374918829952963,-2.11,0.5390625264177334,-0.6572628880979786,5.20531834529315,-3.0804957337699124,1.3202477793210348,0.009808946070172865,0.2,0.008902683213134033,0.32,0.005023996273636927,0.005018881750742211,0
90.85000000000001,0.5106192423461349,main,0,0,-2.1014213320226274,0.5370334271548098,-2.11,0.5385913333985043,-0.6569324455694588,5.205673616710453,-3.081542822879852,1.312821232048187,0.009703814602672087,0.2,0.00873750212650748,0.32,0.005023485845964581,0.005019802569786685,0
90.9,0.5106562082420002,main,0,0,-2.1015739626362535,0.5365782110138296,-2.11,0.5381239615330526,-0.6566089865309461,5.206028429463365,-3.0825155954007957,1.3053845853830228,0.009602454670025504,0.2,0.0085786679773725,0.32,0.0050229988890327,0.005020441833635888,0
90.95,0.510692885707626,main,0,0,-2.1017205265782026,0.5361261395033601,-2.11,0.5376602363850924,-0.656292347383265,5.206382815255707,-3.083413954056302,1.2979385829840118,0.009504728079391183,0.2,0.008426037363746364,0.32,0.0050225341850162475,0.00502086030391196,0
91.0,0.5107292866564992,main,0,0,-2.1018611541971435,0.5356771217962653,-2.11,0.5372000073285299,-0.6559823722005147,5.206736804541665,-3.084237809011254,1.2904839694451888,0.009410484121311262,0.2,0.008279473421797245,0.32,0.005022090503813387,0.005021106343892246,0
91.05000000000001,0.5107654215832007,main,0,0,-2.10199596946675,0.535231071811826,-2.11,0.5367431416769575,-0.655678912805589,5.207090426007597,-3.0849870778808426,1.2830214902216959,0.009319565344741374,0.2,0.008138845802856398,0.32,0.005021666630266912,0.00502121840116718,0
91.10000000000001,0.510801299876455,main,0,0,-2.102125090198725,0.534787908537073,-2.11,0.5362895207256739,-0.6553818287050566,5.207443706192049,-3.0856616857388053,1.2755518915552362,0.009231811339395293,0.2,0.008004030533249828,0.32,0.005021261380521282,0.005021226997038001,0
91.15,0.5108369300306393,main,0,0,-2.1022486282997286,0.5343475562255445,-2.11,0.5358390370774984,-0.6550909869343758,5.207796669200161,-3.0862615651249183,1.268075920399452,0.009147061181998525,0.2,0.00787490980127492,0.32,0.005020873611301823,0.0050211563198907655,0
91.2,0.5108723197891252,main,0,0,-2.1023666900534206,0.5339099445143785,-2.11,0.5353915928304633,-0.654806261847158,5.208149336482657,-3.086786656051743,1.260594324345229,0.009065154988956802,0.2,0.007751371700271292,0.32,0.005020502224621902,0.005021025500836993,0
91.25,0.5109074762418377,main,0,0,-2.102479376415504,0.5334750084872725,-2.11,0.5349470983443341,-0.6545275348706738,5.208501726659102,-3.0872369060106246,1.2531078515459377,0.008985934873439549,0.2,0.007633309946579292,0.32,0.005020146169572479,0.005020849634584091,0
91.30000000000001,0.5109424058920543,main,0,0,-2.102586783314062,0.5330426887017875,-2.11,0.5345054713960573,-0.6542546942421199,5.208853855371634,-3.087612269976942,1.2456172506426195,0.008909245507440093,0.2,0.007520623584496011,0.32,0.005019804442284441,0.005020640596124162,0
91.35000000000001,0.5109771147025154,main,0,0,-2.102689001950358,0.5326129311933369,-2.11,0.5340666365967628,-0.6539876347350481,5.2092057351598555,-3.087912710414612,1.2381232706891228,0.008834934423657936,0.2,0.007413216685937751,0.32,0.005019476084779647,0.005020407693855259,0
91.4,0.5110116081276075,main,0,0,-2.1027861190971393,0.5321856874640553,-2.11,0.533630524984863,-0.6537262573819689,5.209557375350543,-3.0881381972798403,1.2306266610771976,0.00876285214777575,0.2,0.00731099804964197,0.32,0.0050191601831788895,0.005020158191719986,0
91.45,0.5110458911361551,main,0,0,-2.102878217392723,0.5317609144619353,-2.11,0.5331970737378933,-0.6534704691968884,5.209908781957983,-3.088288708024129,1.223128171461558,0.00869285222189866,0.2,0.00721388090286057,0.32,0.005018855865571191,0.005019897726490226,0
91.5,0.5110799682278707,main,0,0,-2.102965375629906,0.53133857455372,-2.11,0.5327662259645194,-0.6532201829000543,5.2102599575921,-3.0883642275965286,1.215628551684917,0.008624791159909067,0.2,0.007121782607276916,0.32,0.005018562299740742,0.00501963064114033,0
91.55000000000001,0.5111138434455126,main,0,0,-2.103047669039259,0.5309186354937584,-2.11,0.5323379305508344,-0.6529753166462116,5.2106109013725455,-3.0883647484451453,1.2081285517030025,0.008558528361918968,0.2,0.007034624370093834,0.32,0.005018278690876321,0.005019360251087528,0
91.60000000000001,0.5111475203841341,main,0,0,-2.1031251695666664,0.5305010703901613,-2.11,0.5319121420434054,-0.652735793757032,5.210961608847587,-3.088290270517894,1.2006289215095627,0.008493926006045767,0.2,0.00695233096074066,0.32,0.005018004279341481,0.005019089056738318,0
91.65,0.5111810021983616,main,0,0,-2.1031979461451615,0.5300858576690103,-2.11,0.531488820557265,-0.6525015424579751,5.211312071917072,-3.0881408012625062,1.1931304110613674,0.008430848929568382,0.2,0.006874830433333479,0.32,0.005017738338552738,0.005018818913101203,0
91.7,0.511214291608338,main,0,0,-2.1032660649612245,0.5296729810369729,-2.11,0.5310679317007592,-0.6522724956195735,5.211662278759099,-3.087916713969116,1.1856337594831665,0.008369164507507416,0.2,0.006802053854838341,0.32,0.005017480172993539,0.00501855116507967,0
91.75,0.5112473909055505,main,0,0,-2.103329589715826,0.5292624294419278,-2.11,0.5306494465018685,-0.6520485905027184,5.212012213760617,-3.0876217799819323,1.1781395607973026,0.008308742543641851,0.2,0.006733935038775396,0.32,0.005017229116418762,0.005018286755347489,0
91.80000000000001,0.5112803019547105,main,0,0,-2.1033885818801292,0.5288541970335976,-2.11,0.5302333413844396,-0.6518297685088382,5.212361857450185,-3.0872595818726407,1.1706483117339204,0.008249455125286239,0.2,0.006670410284173922,0.32,0.005016984530039853,0.005018026310285962,0
91.85000000000001,0.5113130262007247,main,0,0,-2.104386956157716,0.5214209441250889,-2.11,0.5298195980800464,-0.6479146976772591,5.21875890523676,-3.0868335214189426,1.163160423347346,0.15,0.12273373157418861,0.006611418119870649,0.12,0.008103377724216447,0.005635096593072059,0
91.9,0.5115123089066368,main,0,0,-2.105339696379457,0.5139817045087116,-2.11,0.527300001899993,-0.644038956995024,5.225179857982581,-3.086332604632199,1.1556771698855983,0.15,0.117246368877017,0.0056130438422838935,0.12,0.008052434065813813,0.006118564087620411,0
91.95,0.511828324586686,main,0,0,-2.106248809288124,0.5065370074887319,-2.1100000000000003,0.523304512694622,-0.6402009243650626,5.231623421090935,-3.0857568816036713,1.1481992996677874,0.15,0.11230746807501797,0.004660303620543259,0.12,0.008008314717585034,0.006496514213613336,0
92.0,0.5122261828427296,main,0,0,-2.1071161033296195,0.49908732286147506,-2.11,0.5182742611354514,-0.6363991350689158,5.238088434482082,-3.0851064099051824,1.1407275604747036,0.15,0.107775583712591,0.003751190711875906,0.12,0.007969299547505368,0.006791071280391743,0
92.05000000000001,0.5126814492463986,main,0,0,-2.1079432402673293,0.4916330727659741,-2.11,0.5125181796614424,-0.632632239333588,5.244573840908758,-3.08438125458336,1.1332626994740396,0.15,0.10355524725794336,0.0028838966703803584,0.12,0.007934248910366867,0.007019706806386768,0
92.10000000000001,0.5131770096825341,main,0,0,-2.1087317699544825,0.4841746398922078,-2.11,0.5062526476065773,-0.628898973835184,5.251078664405089,-3.0835814881531327,1.1258054631456749,0.15,0.0995815967166462,0.002056759732670609,0.12,0.007902392612550808,0.007196243967619576,0
92.15,0.5137008751912688,main,0,0,-2.109483153888056,0.47671237333409244,-2.11,0.4996292452966351,-0.6251981425145006,5.2576019954204405,-3.0827071905904764,1.118356597207028,0.15,0.09581019447960423,0.001268230045517348,0.12,0.00787319794326847,0.007331634762749356,0
92.2,0.5142446452150454,main,0,0,-2.110198781276118,0.4692465929032563,-2.11,0.49275418371783875,-0.6215286036200299,5.264142980384646,-3.081758449324419,1.1109168465384853,0.15,0.09221026100332,0.0005168461119438018,0.12,0.007846286232762447,0.007434565056751974,0
92.25,0.5148024317774774,main,0,0,-2.1108799801020495,0.461777592423972,-2.11,0.4857019064740286,-0.6178892609165706,5.270700814225693,-3.080735359228296,1.1034869551089141,0.15,0.08876016708012302,-0.0001987812761181661,0.12,0.007821379644126507,0.007511927974226881,0
92.30000000000001,0.5153701063208785,main,0,0,-2.111528024841862,0.4543056423428217,-2.11,0.47852461226517873,-0.6142790576789838,5.277274734865868,-3.0796380226102653,1.0960676659012658,0.15,0.08544442518366914,-0.0008799801020495944,0.12,0.007798267026837153,0.007569195784748936,0
92.35000000000001,0.5159447724389161,main,0,0,-2.112144141940789,0.44683099186802294,-2.11,0.4712589213002432,-0.6106969725459157,5.28386401905305,-3.078466549203074,1.0886597208382782,0.15,0.08225167884020987,-0.0015280248418623199,0.12,0.007776781896775832,0.007610713007154315,0
92.4,0.5164663981121458,main,0,0,-2.1121076566548527,0.4472970288016459,-2.11,0.46466383796036237,-0.6109185472324817,5.283452404843063,-3.077221056153086,1.0812638607082845,-0.009349258785391622,0.2,-0.005676072151322423,0.32,0.005021804615831792,0.0070929313288898115,0
92.45,0.5168243289872589,main,0,0,-2.112090903626008,0.44754254966273976,-2.11,0.46013840128721745,-0.6110330205804764,5.283234558544479,-3.075901668008569,1.0738808250911345,-0.004921835316535934,0.2,-0.00679790060147336,0.32,0.005006052452502538,0.006675555553612357,0
92.5,0.517071042291287,main,0,0,-2.112084888379066,0.4476459140087813,-2.11,0.4570191246016053,-0.6110802644877585,5.28314242611559,-3.0745085167072377,1.066511352284237,-0.0020707845110842843,0.2,-0.006491204554746997,0.32,0.0050010719222210055,0.006340658827334087,0
92.55000000000001,0.5172421082631082,main,0,0,-2.1120844378881967,0.4476552668437834,-2.11,0.45485628178408527,-0.611084453506668,5.283134051715003,-3.073041741563061,1.059156179228732,-0.00018727355883793595,0.2,-0.00580449993626193,0.32,0.005000008767838666,0.006072528815435003,0
92.60000000000001,0.5173617050782242,main,0,0,-2.1120864893213716,0.447601490538282,-2.11,0.45334418028419055,-0.6110608606516661,5.283182419851253,-3.0715014892523316,1.0518160414357958,0.0010763083965942078,0.2,-0.0051401491082394175,0.32,0.005000289601554132,0.005858080972658829,0
92.65,0.5174462906981783,main,0,0,-2.1120892040847847,0.44750500493829976,-2.11,0.45227473673188523,-0.6110194139470729,5.283269592161207,-3.069887913798997,1.0444916729130906,0.001930475686905058,0.2,-0.004611748123293327,0.32,0.005000931597306971,0.005686651097588457,0
92.7,0.517507073936401,main,0,0,-2.112091479081978,0.44737952957542604,-2.11,0.4515062344469703,-0.6109666628135867,5.283383462966142,-3.068201176559257,1.0371838060913652,0.002509919703936733,0.2,-0.004226701844364459,0.32,0.00500157467626941,0.005549635813324648,0
92.75,0.5175516892814366,main,0,0,-2.11209265927701,0.4472343502008776,-2.11,0.45094214810335737,-0.6109069563055135,5.283515801836275,-3.0664414462054315,1.0298931717512119,0.0029036834300312873,0.2,-0.003960656650749536,0.32,0.0050021074002517705,0.005440130130710073,0
92.80000000000001,0.5175853360675454,main,0,0,-2.112092362579484,0.4470757699632703,-2.11,0.45051674082397036,-0.6108431893318951,5.283660996715195,-3.0646088987090883,1.0226204989499892,0.003171610303237097,0.2,-0.0037846062480009278,0.32,0.00500251414588584,0.005352606933745226,0
92.85000000000001,0.5176115544841118,main,0,0,-2.112090371729309,0.4469080702351642,-2.11,0.45018525284098027,-0.6107772895685245,5.28381521857966,-3.06270371732345,1.0153665149489166,0.0033542308979125114,0.2,-0.0036734575514581974,0.32,0.005002811925536498,0.005282647932103481,0
92.9,0.517632754475282,main,0,0,-2.1119263526109457,0.43940986393440057,-2.109941461772922,0.44994146177292227,-0.6078993895031711,5.2907410897316405,-3.060726092565068,1.0081319451403492,0.15,0.2,-0.003663137159656121,0.1252560488112979,0.009013878188659927,0.00602889398341477,0
92.95,0.5177761526892769,main,0,0,-2.1116873608801576,0.43191367270467496,-2.1086594557244718,0.44865945572447175,-0.6050908908888356,5.297695393113956,-3.0586762221947694,1.0009175129752392,0.15,0.2,-0.00863589133262575,0.12344949981861135,0.009013878188659931,0.006625890824463803,0
93.0,0.5180063137542288,main,0,0,-2.111373420435918,0.4244202461588636,-2.10660177404793,0.44660177404793,-0.602352074573039,5.304677433302062,-3.0565543111978837,0.9937239398907912,0.15,0.2,-0.013019937587985978,0.12087137212084123,0.009013878188659903,0.007103488297303023,0
93.05000000000001,0.5182984199317069,main,0,0,-2.11098456267201,0.4169303336333765,-2.1039902918273072,0.44399029182730737,-0.5996832144351304,5.311686512097758,-3.054360571763742,0.9865519452383189,0.15,0.2,-0.016606341993827368,0.12,0.009013878188659905,0.0074855662755744,0
93.10000000000001,0.5190779994646457,main,0,0,-2.110520826473886,0.40944468411322466,-2.097020709371341,0.43702070937134085,-0.5970845773588997,5.318721928599007,-3.05209522326446,0.9794022462113109,0.15,0.2,-0.01881533926275888,0.12,0.009013878188659926,0.0077912286581915055,0
93.15,0.5198013241359293,main,0,0,-2.109982258214779,0.4019640461571221,-2.0905540555843416,0.43055405558434173,-0.5945564232058891,5.32578297927002,-3.049758492232999,0.9722755577737118,0.15,-0.019972360793006814,-0.020379687349465467,0.12,0.00751660225748832,0.007736303378050868,0
93.2,0.5204851514888073,main,0,0,-2.1100104653201543,0.40236137834591895,-2.09,0.4221377008983427,-0.5946910703200947,5.325408094402782,-3.047350612340516,0.9651725925884265,-0.007966643183870265,-0.2,-0.01998225821477906,0.32,0.0050158417547852005,0.007192211053397735,0
93.25,0.5209544027639083,main,0,0,-2.1100161040946395,0.4024538966871644,-2.09,0.4162048041383445,-0.5947232728275809,5.325321178134131,-3.045013881309055,0.9580459041508274,-0.001853800339249945,-0.2,-0.02001046532015449,0.32,0.005000859070124196,0.006753940656743027,0
93.30000000000001,0.521280683387393,main,0,0,-2.1100106207299407,0.40234620292994444,-2.09,0.41207953190865054,-0.5946847999580925,5.325421914676388,-3.0427485328097728,0.9508962051238193,0.002156665262165583,-0.2,-0.02001610409463961,0.32,0.0050011626660839085,0.006403385058611204,0
93.35000000000001,0.5215116351741854,main,0,0,-2.1097041635119216,0.3948524666139587,-2.09,0.40915953322078,-0.591939012617795,5.332401216352191,-3.040554793375631,0.943724210471347,0.15,-0.010463178699227357,-0.020010620729940864,0.12,0.007504560201491321,0.006623620087187228,0
93.4,0.5218511123049372,main,0,0,-2.1094016267507714,0.3873585709976485,-2.09,0.4048674132500946,-0.5891895743693871,5.339379080589778,-3.038289444876349,0.936574511444339,0.15,-0.010212022927081128,-0.019704163511921724,0.12,0.007504343967507422,0.006799764863251268,0
93.45,0.5222665609576319,main,0,0,-2.1091029164205852,0.37986452188260794,-2.09,0.3996147605748566,-0.5864365735740631,5.346355540051492,-3.035952713844888,0.9294478230067399,0.15,-0.010029532220111725,-0.019401626750771506,0.12,0.007504190142703353,0.006940649919141686,0
93.5,0.522735193316924,main,0,0,-2.108807964218154,0.3723703239136268,-2.09,0.3936896889690824,-0.5836800745937987,5.35333061807054,-3.033549049584741,0.9223434301315893,0.15,-0.009893022146206264,-0.01910291642058537,0.12,0.007504076887232108,0.00705333531275977,0
93.55000000000001,0.5232410578028306,main,0,0,-2.1087721894888536,0.37144976579473854,-2.09,0.3872938794557518,-0.5833410597716219,5.354187225350367,-3.031083650593864,0.9152602240908347,0.01842505990771915,0.18623473991308104,-0.01912394100187816,0.32,0.004746137224160931,0.0065918956950400025,0
93.60000000000001,0.5236170058852057,main,0,0,-2.1087181985807435,0.3703294236347839,-2.09,0.38254064536092564,-0.5829380323218266,5.355233958577241,-3.0286336004869856,0.9081716943085889,0.022432847108919823,0.2,-0.019398199080455418,0.32,0.005124264003106139,0.00629836935665323,0
93.65,0.5239067529476389,main,0,0,-2.108645120309083,0.36907421105157057,-2.09,0.3788772788467719,-0.582498002871317,5.356411784177884,-3.026185665973707,0.9010824336547054,0.025146761722702245,0.2,-0.01940366549745559,0.32,0.005155666694312666,0.006069828824185118,0
93.7,0.5241393594926075,main,0,0,-2.1085531910708615,0.36772745810040575,-2.09,0.37593635851213525,-0.5820382528436637,5.357680966752766,-3.0237298531823704,0.8939958982858593,0.026997736914868217,0.2,-0.019298780070880633,0.32,0.005179014819085773,0.0058916660231652495,0
93.75,0.5243341397391552,main,0,0,-2.1084428046202546,0.36631791615979886,-2.09,0.3734736883927926,-0.5815700324960993,5.3590150444704925,-3.021258485297803,0.8869147726141086,0.028277154388710528,0.2,-0.01915035752921914,0.32,0.0051960555858079835,0.005752543935693797,0
93.80000000000001,0.5245039314298025,main,0,0,-2.108314368475695,0.3648647433499437,-2.09,0.37132695672733484,-0.5811007055120518,5.360396326208798,-3.018765522959452,0.8798412205517029,0.029176751419798516,0.2,-0.018984492631760306,0.32,0.0052084745423713755,0.005643730057029313,0
93.85000000000001,0.524657266401703,main,0,0,-2.108168240592452,0.36338076896732213,-2.09,0.36938829271883067,-0.5806351251903438,5.361812930702147,-3.016246083420753,0.8727770557453834,0.029823033558229232,0.2,-0.018809845354114126,0.32,0.005217617591059835,0.005558507563835418,0
93.9,0.5247998125281649,main,0,0,-2.108004708429329,0.36187464114448015,-2.09,0.3675860355983701,-0.5801765208709245,5.363256830236507,-3.0136961075967013,0.8657238562375891,0.03029959595185542,0.2,-0.018627980458075663,0.32,0.005224477369757977,0.00549170152501993,0
93.95,0.5249353321181861,main,0,0,-2.1078239891307997,0.36035224450317627,-2.09,0.3658726172674761,-0.5797270702496988,5.364722553654275,-3.0111121322104752,0.8586830415685768,0.030661709008561515,0.2,-0.018437866390347724,0.32,0.005229756303912569,0.005439312480798458,0
94.0,0.5250663191581486,main,0,0,-2.1076262391113594,0.3588176380325239,-2.09,0.36421650544374573,-0.5792882693475004,5.366206324478286,-3.0084911348294066,0.8516559246115003,0.03094590176392713,0.2,-0.018237768002192428,0.32,0.005233939442710016,0.00539823787318077,0
94.05000000000001,0.5251944231270944,main,0,0,-2.1074115668206317,0.35727367644699104,-2.09,0.36259684522622615,-0.5788611717509758,5.367705487315689,-3.0058304287572213,0.8446437464051627,0.031176283101148887,0.2,-0.01802599181454736,0.32,0.005237356353162005,0.005366061569177017,0
94.10000000000001,0.5253207309238764,main,0,0,-2.1071800455791867,0.3557224221837252,-2.09,0.3609998945985925,-0.5784465432440435,5.369218125764156,-3.003127591748764,0.8376476995138309,0.03136872247663762,0.2,-0.017801137387735602,0.32,0.0052402282273332,0.005340894900808254,0
94.15,0.5254459544403194,main,0,0,-2.106931725096646,0.35416541867641316,-2.09,0.35941665288056013,-0.5780449616250716,5.370742807759568,-3.0003804175536635,0.8306689436116823,0.03153362005118372,0.2,-0.01756214522600614,0.32,0.005242701878214138,0.00532125629628943,0
94.2,0.525570555378208,main,0,0,-2.1066666412006443,0.35260387160187706,-2.09,0.35784128262603543,-0.5776568809980741,5.372278415836148,-2.9975868828184704,0.8237086157685941,0.03167774447723132,0.2,-0.017308268402998588,0.32,0.00524487356739042,0.005305979750509629,0
94.25,0.5256948283205715,main,0,0,-2.106384823764017,0.3510387690276417,-2.09,0.3562700593258,-0.5772826730390184,5.373824034009839,-2.9947451242984866,0.816767837100887,0.03180545321460186,0.2,-0.017039022014179873,0.32,0.005246805421917643,0.005294144884791232,0
94.30000000000001,0.5258189560307295,main,0,0,-2.106086303022151,0.3494709609704932,-2.09,0.35470067224365687,-0.576922653344084,5.375378872444097,-2.9918534229786062,0.8098477169085347,0.03191950336320412,0.2,-0.01675413212490542,0.32,0.005248536628183416,0.005285023233469669,0
94.35000000000001,0.5259304932713085,main,0,0,-2.105772606427915,0.34790864209541333,-2.09,0.35329047057056007,-0.5765787337400039,5.376934817535222,-2.988910192817175,0.8029493550582951,0.03187002240768537,0.2,-0.016501242593856984,0.32,0.0052477848489305345,0.005277575556561841,0
94.4,0.5260085693397138,main,0,0,-2.1054480110064504,0.34637183045888975,-2.09,0.3523033293993917,-0.5762550852047366,5.378471828862249,-2.9859143997644964,0.7960736569856975,0.03141434190805148,0.2,-0.01636515120578745,0.32,0.005240911389614309,0.005270242723172335,0
94.45,0.5260632225875975,main,0,0,-2.1051158449433904,0.34487344132329123,-2.09,0.3516123305795741,-0.5759538784755636,5.379976747066482,-2.982866231987694,0.7892210171144899,0.030695304495172184,0.2,-0.016310026567691965,0.32,0.0052302489706635745,0.005262243972670583,0
94.5,0.526103459499614,main,0,0,-2.1047784384603854,0.343420338164247,-2.09,0.3511036021911783,-0.5756757534113007,5.381442352188684,-2.9797666749540217,0.7823914676275169,0.029835227001636867,0.2,-0.01629980093059946,0.32,0.005217791863000776,0.005253353550736622,0
94.55000000000001,0.5261668668247037,main,0,0,-2.104432907205664,0.3419970003163445,-2.09,0.35030192272103944,-0.5754170811164405,5.382884007876126,-2.97661715216231,0.7755848160142427,0.029293565691196115,0.2,-0.01619173003874254,0.32,0.005210113480267005,0.005244705536642699,0
94.60000000000001,0.5262458843766896,main,0,0,-2.1041454212178685,0.3408623813902185,-2.089779550688237,0.3493386520647113,-0.5752218983083918,5.384038092782943,-2.973418241302796,0.7688012351521254,0.02340947073901474,0.2,-0.016230218926606966,0.32,0.005135173638807257,0.0052227991570756105,0
94.65,0.5263288944008231,main,0,0,-2.103845997285773,0.33972839774699715,-2.0894476624438196,0.34834298733145913,-0.5750378933153178,5.385196417330179,-2.970174182880667,0.7620391286050638,0.023456969916893507,0.2,-0.016327734352733048,0.32,0.005135715489997883,0.005205382423660065,0
94.7,0.5264147744306023,main,0,0,-2.103534161723095,0.3385935091507658,-2.0891042994269857,0.3473128982809575,-0.5748648774997123,5.386360581868187,-2.966885831043873,0.7552984504346234,0.02353901904503703,0.2,-0.016414434742953052,0.32,0.005136653924881973,0.005191636723904447,0
94.75,0.5265027769649127,main,0,0,-2.1032095458538698,0.33745672760647255,-2.0887524502747725,0.34625735082431836,-0.5747027891645059,5.387531639131343,-2.9635539438744978,0.7485791850067247,0.023644430566193142,0.2,-0.016489971379200104,0.32,0.005137864122570549,0.005180882203637668,0
94.80000000000001,0.5265924037593689,main,0,0,-2.1028718562631625,0.33631743826113736,-2.088394107053272,0.3451823211598163,-0.5745516484445373,5.3887102700976905,-2.9601792031711875,0.7418813401902616,0.023765643034146487,0.2,-0.016554070481208168,0.32,0.005139262055204545,0.0051725581739510435,0
94.85000000000001,0.5266833220850415,main,0,0,-2.1025208539766416,0.3351752801413522,-2.088030600069533,0.34409180020859875,-0.5744115281928706,5.389896901502469,-2.9567622283584365,0.7352049427238863,0.023897512638215358,0.2,-0.016606507003820388,0.32,0.005140790578863623,0.005166204654933559,0
94.9,0.5267753089504255,main,0,0,-2.102156340007931,0.33403006677360986,-2.087662820881653,0.342988462644958,-0.5742825351472431,5.391091784293885,-2.9533035864652564,0.7285500350419766,0.024036506327176764,0.2,-0.01664708615411736,0.32,0.005142410338648584,0.005161445791676564,0
94.95,0.5268682139521212,main,0,0,-2.1017781454273092,0.3328817333728471,-2.0872913708280927,0.34187411248427774,-0.57416479768909,5.392295045957476,-2.9498037994636865,0.7219166730781122,0.024180163275868756,0.2,-0.016675631423014908,0.32,0.005144093772484908,0.005157975387838234,0
95.0,0.5269619345336329,main,0,0,-2.101386124628358,0.33173030171920315,-2.086916659947227,0.34074997984168187,-0.5740584578198753,5.393506725367237,-2.9462633498251916,0.715304924719525,0.02432673557897512,0.2,-0.01669197735438635,0.32,0.005145821135622817,0.005155544537395151,0
95.05000000000001,0.5270563995076835,main,0,0,-2.1009801508488226,0.33057585680322144,-2.086538972857941,0.3396169185738221,-0.5739636658275642,5.394726795960236,-2.9426826848660594,0.7087148686916567,0.02447494861041686,0.2,-0.01669596550494789,0.32,0.005147577855040684,0.005153951200924258,0
95.10000000000001,0.5271515580811689,main,0,0,-2.1005601132755367,0.3294185312946285,-2.086158512639732,0.33847553791919627,-0.5738805766632725,5.395955181114244,-2.939062220262397,0.7021465937237807,0.024623841258518256,0.2,-0.01668744245013978,0.32,0.0051493527647473065,0.005153031513688868,0
95.15,0.5272473725439607,main,0,0,-2.100125915259291,0.3282584952067168,-2.0857754300641305,0.33732629019239185,-0.5738093474006095,5.397191764324025,-2.9354023429887794,0.6956001978953834,0.02477265946619029,0.2,-0.016666259054032663,0.32,0.005151136927181057,0.0051526525963873065,0
95.2,0.5273438133971204,main,0,0,-2.0996774733051833,0.32709594900608907,-2.085389843072928,0.33616952921878374,-0.5737501353768943,5.398436395912506,-2.931703413850521,0.6890757880960113,0.024920785339130922,0.2,-0.016632270494822136,0.32,0.005152922845802824,0.00515270664627041,0
95.25,0.5274408561053272,main,0,0,-2.09921471660309,0.3259311190023061,-2.0850018497625236,0.33500554928757154,-0.5737030967609332,5.399688897438115,-2.9279657697236035,0.6825734795536152,0.025067689985677512,0.2,-0.01658533672672329,0.32,0.0051547039394172905,0.005153106104899787,0
95.30000000000001,0.5275384789308802,main,0,0,-2.0987375869328653,0.3247642542414494,-2.0846115370439566,0.3338346111318704,-0.5736683853852927,5.4009490645749425,-2.9241897255790867,0.6760933954014872,0.02521290219183941,0.2,-0.016525323183565983,0.32,0.005156474191958781,0.005153779722311586,0
95.35000000000001,0.5276366614881394,main,0,0,-2.098246038828146,0.32359562438691075,-2.084218986422495,0.33265695926748495,-0.5736461517406579,5.402216668985324,-2.920375576344029,0.6696356662640344,0.025355987665023064,0.2,-0.016452101608380624,0.32,0.005158227920145732,0.005154669361878416,0
95.4,0.5277353837781077,main,0,0,-2.0977400399171766,0.3224255182433115,-2.0838242778575418,0.33147283357262514,-0.5736365420679596,5.403491459532583,-2.9165235986343756,0.66320042984846,0.025496535334755804,0.2,-0.016365550941937805,0.32,0.005159959620499944,0.005155727413602721,0
95.45,0.5278346255433095,main,0,0,-2.0972195713831954,0.321254242694302,-2.0834274923419427,0.33028247702582736,-0.5736396975082516,5.4047731630668565,-2.912634052384222,0.6567878305339919,0.025634148369487596,0.19940474609430814,-0.016265558232427268,0.32,0.005147249934154855,0.005154031917713148,0
95.5,0.527934365836661,main,0,0,-2.096684673250538,0.32008212758900195,-2.0830287136257133,0.32908614087713944,-0.5736557146465696,5.4060614616672105,-2.9087071823883917,0.6503980189533703,0.025767963306344375,0.1950823612597314,-0.016152019545483835,0.32,0.005044370587998335,0.005132099651770186,0
95.55000000000001,0.5280345822698824,main,0,0,-2.0961356807449607,0.3189095464058281,-2.0826280312210175,0.32788409366305266,-0.5736844376253027,5.407355878289788,-2.904743219770276,0.6440311515633438,0.025894705268170004,0.1909992857608959,-0.016024879829716673,0.32,0.0049474027406353665,0.005095160269543222,0
95.60000000000001,0.5281352482487254,main,0,0,-2.0955729246119694,0.3177368628656973,-2.0822255514562,0.32667665436860016,-0.5737257107452322,5.408655946626486,-2.900742383391596,0.6376873901971644,0.02601446636402888,0.18714178687230057,-0.01588434187492866,0.32,0.004855992318426008,0.00504732667931978,0
95.65,0.5282363344880248,main,0,0,-2.0949967321763387,0.3165644333976057,-2.0818213914183485,0.3254641742550457,-0.5737793784919025,5.409961208421489,-2.8967048812545975,0.6313669015693973,0.02612729286035941,0.18349662329423094,-0.015730612346478344,0.32,0.004769797721682542,0.004991820887792332,0
95.7,0.5283378100087843,main,0,0,-2.094407428189345,0.3153926088332701,-2.081415674966778,0.32424702490033336,-0.5738452854448778,5.4112712115788195,-2.8926309118686384,0.6250698567512094,0.02623320032833842,0.18005108726695884,-0.015563901464330503,0.32,0.004688491043494184,0.004931154918932703,0
95.75,0.5284396427916321,main,0,0,-2.093805335526733,0.3142217355770723,-2.0810085301204015,0.3230255903612047,-0.5739232761116668,5.4125855088101735,-2.8885206655642084,0.618796430628514,0.02633218377917363,0.17679302337495614,-0.015384422812130174,0.32,0.004611758661588527,0.004867275667463868,0
95.80000000000001,0.5285153171588706,main,0,0,-2.0931984887963413,0.3130668351875043,-2.0807059710842815,0.32211791325284383,-0.5740120661920439,5.413887113276068,-2.8843743257446715,0.6125468013514349,0.02609258794379665,0.1722211685079652,-0.015234912774962878,0.32,0.004498848704437185,0.004793590274858531,0
95.85000000000001,0.5285753759785975,main,0,0,-2.0925918709690023,0.3119361245550391,-2.0804658456723324,0.3213975370169964,-0.5741104152522979,5.41516649562125,-2.8801925244311026,0.6063208445756588,0.025663138723196456,0.16699815813709054,-0.015102116705276942,0.32,0.004367691865969158,0.004708410593080657,0
95.9,0.5286478512191402,main,0,0,-2.0919820559983107,0.310821888835116,-2.08017607729076,0.3205282318722794,-0.5742183421319642,5.416432097188363,-2.8759761308755722,0.6001182624210332,0.025403901574616288,0.1627326880102827,-0.014942173224215729,0.32,0.004261994882673891,0.0046191274509993045,0
95.95,0.5287287022350211,main,0,0,-2.0883279274506195,0.3042722823922106,-2.079791857645711,0.3195837152914212,-0.5749163900104822,5.4238995418088,-2.8717257582653644,0.5939389151517501,0.15,-0.025801658777210718,-0.014814566104274517,0.12,0.0075276874601224375,0.005200839452823932,0
96.0,0.5289630752688301,main,0,0,-2.084682251476921,0.2977179672720171,-2.0784666498888753,0.3169332997777503,-0.5756048036878855,5.431367880754561,-2.8674138057292096,0.587802379864966,0.15,-0.04344642570795866,-0.014328828851014174,0.12,0.007578241546806743,0.0056763198716204945,0
96.05000000000001,0.5293049239529142,main,0,0,-2.081050822172203,0.29115574804336913,-2.076533746088256,0.3130674921765122,-0.5762769921220856,5.4388376975333665,-2.8630407044587676,0.5817092702090957,0.15,-0.0688864048950787,-0.013640174727678128,0.12,0.007695182615578828,0.006080092420412161,0
96.10000000000001,0.5297677543344713,main,0,0,-2.0774420167477574,0.2845810599588671,-2.0739167794442253,0.3078335588884502,-0.576923448178804,5.446309785231375,-2.858606891760522,0.5756601954900272,0.15,-0.10269169447171865,-0.012776604648273834,0.12,0.007927230920751684,0.006449520120480065,0
96.15,0.5302668121918636,main,0,0,-2.0738670170390763,0.27798792890579904,-2.0710949729719643,0.30218994594392856,-0.5775315298152028,5.453785093701497,-2.854123344320789,0.5696478912432625,0.15,-0.13740211834289437,-0.011816188631217238,0.12,0.00824921746762676,0.006809459589909405,0
96.2,0.5307913907801226,main,0,0,-2.073716455295445,0.2777056470484552,-2.068676908084143,0.2960307242524299,-0.5775552772594157,5.454104135931498,-2.849605851168013,0.5636610510403993,0.006398496249299434,-0.2,-0.009968636611579484,0.32,0.005010224734044344,0.006449612618736393,0
96.25,0.5311660797694163,main,0,0,-2.073475203796127,0.2772422335677756,-2.067178837554019,0.2915365126620584,-0.5775888458660459,5.454625506709974,-2.845148451292239,0.5576293359984357,0.01044900645992519,-0.2,-0.009536216870793207,0.32,0.005027221333897859,0.006165134361768687,0
96.30000000000001,0.5314406038500148,main,0,0,-2.073178492399663,0.2766581006320228,-2.0660812434247413,0.28824373027422445,-0.5776244019021608,5.4552797121117536,-2.8407515904297407,0.5515533492838495,0.013103418476455915,-0.2,-0.00939446757619157,0.32,0.0050427422043390025,0.0059406559302827506,0
96.35000000000001,0.531648146064569,main,0,0,-2.0728491870649184,0.275993421236441,-2.0652514542281963,0.28575436268458904,-0.5776572495367212,5.456020766587016,-2.8364157082629395,0.5454336984902488,0.014835642249693479,-0.2,-0.009344342497971855,0.32,0.005054724592141597,0.00576346966265452,0
96.4,0.5318108586638185,main,0,0,-2.0725021617528983,0.27527500372851893,-2.06460090148504,0.28380270445511996,-0.5776846073569805,5.456818138415301,-2.8321412383764395,0.5392709955776134,0.015956820270612286,-0.2,-0.00930917350853498,0.32,0.0050632549099241045,0.005623426712108437,0
96.45,0.5319435331537326,main,0,0,-2.072147097785307,0.27452077910287354,-2.064070446229832,0.28221133868949555,-0.5777048594862297,5.457651514115854,-2.827928608213667,0.533065856811099,0.016672434819322686,-0.2,-0.009263888908689857,0.32,0.0050690161971540795,0.005512544609117566,0
96.5,0.5320560473133832,main,0,0,-2.0717902916024893,0.2737427582739744,-2.063620595415929,0.28086178624778635,-0.5777170959957751,5.4585073630103045,-2.823778239034128,0.5268189026994111,0.01711872731599086,-0.2,-0.0092038301327489,0.32,0.005072733687302826,0.0054245824247546185,0
96.55000000000001,0.5321549979739884,main,0,0,-2.071435829190308,0.27294899462375305,-2.0632249737861916,0.27967492135857513,-0.5777208310183578,5.459376667550536,-2.8196905458712815,0.5205307579327554,0.017386251281538596,-0.2,-0.009131509665369405,0.32,0.0050750078161576175,0.005354667503035219,0
96.60000000000001,0.5322447909744853,main,0,0,-2.0710863520216813,0.2721448925454756,-2.0628659660445727,0.27859789813371816,-0.5777158304570901,5.4602534169092865,-2.8156659374910378,0.5142020513203682,0.017535272380907165,-0.2,-0.009051254256509954,0.32,0.005076289436555057,0.005298991889739187,0
96.65,0.5323283689275342,main,0,0,-2.070743557751665,0.2713340825838861,-2.0625318071234187,0.2775954213702559,-0.5777020073331056,5.461133604177209,-2.811704816350881,0.5078334157276371,0.01760591611213484,-0.2,-0.0089672202531426,0.32,0.005076900698789339,0.0052545736515492185,0
96.7,0.5324076971991271,main,0,0,-2.0704085279214133,0.27051900783754956,-2.0622146391540506,0.27664391746215133,-0.5776793587928198,5.462014557565816,-2.807807578559624,0.501425488012814,0.01762488955170016,-0.2,-0.008882797998777354,0.32,0.00507706527723182,0.005219071976685739,0
96.75,0.5324840884353196,main,0,0,-2.070081942533113,0.2697013173406236,-2.0619092139534985,0.2757276418604949,-0.577647928663591,5.462894493876915,-2.8039746138377986,0.49497890896333036,0.01760994905857825,-0.2,-0.008800551657826639,0.32,0.005076935666779053,0.005190644714704403,0
96.80000000000001,0.5325584192657562,main,0,0,-2.0697642205268574,0.26888213013186185,-2.0616120266068227,0.274836079820468,-0.5776077855775132,5.46377222019468,-2.8002063054786825,0.4884943232317192,0.0175728763298206,-0.2,-0.008722337538441963,0.32,0.005076614517201088,0.00516783867520374,0
96.85000000000001,0.5326312749978077,main,0,0,-2.0694556116848966,0.2680622125774236,-2.061320736955257,0.27396221086577055,-0.5775590105011001,5.464646934551103,-2.7965030303099714,0.48197237927114983,0.01752146356229803,-0.2,-0.008649459090014305,0.32,0.005076170230933098,0.005149504986349612,0
96.9,0.5327763552831601,main,0,0,-2.069141402253049,0.2672014021457437,-2.060740681212498,0.2722220436374932,-0.5774988455525633,5.465561320872807,-2.792865158656096,0.47541372927058334,0.018327271115479934,-0.2,-0.008810300591038748,0.32,0.0050832786827351515,0.005136259725626721,0
96.95,0.5328983367359716,main,0,0,-2.068827589057398,0.2663142332557858,-2.0602529785446846,0.2707589356340544,-0.5774276739514637,5.466499660877427,-2.7892930543011905,0.46881902908955425,0.01882070520542787,-0.2,-0.008916634496587902,0.32,0.005087784130746198,0.005126564606650616,0
97.0,0.5330047744377614,main,0,0,-2.066397345657203,0.25921888851322333,-2.06,0.26945426185767873,-0.5767856845680138,5.473972133669719,-2.7857870744527133,0.46218893819258516,0.15,-0.2,-0.008837935294907265,0.32,0.009013878188659931,0.00590402732305248,0
97.05000000000001,0.533247638700405,main,0,0,-2.0640381760330397,0.2520995965059782,-2.06,0.2663836498563632,-0.5760690038012486,5.481437813054647,-2.782347569705728,0.4555241195832407,0.15,-0.2,-0.006553291285028007,0.32,0.009013878188659905,0.006525997496173965,0
97.10000000000001,0.5335865697747609,main,0,0,-2.0617661525452364,0.24500650935348295,-2.06,0.2620984338546033,-0.5752831806586947,5.488844327624312,-2.7789748840078428,0.44882523973782773,0.14896170794136657,-0.2,-0.00451482506570819,0.32,0.008970728848985563,0.007014943766736286,0
97.15,0.5339921258302528,main,0,0,-2.0595804418227464,0.23794042101463336,-2.06,0.256970856508953,-0.5744292981581477,5.496191287570445,-2.775669354624817,0.44209296853874847,0.1479282742072439,-0.2,-0.0027120117169904113,0.32,0.008927874090444663,0.007397529831477961,0
97.2,0.5344436787464729,main,0,0,-2.057473649900029,0.23088014087202052,-2.06,0.25126172586666895,-0.5735055633065038,5.5035010647094325,-2.772431312106834,0.4353279792075126,0.14735824089313831,-0.2,-0.0011081124958415333,0.32,0.00890427582107608,0.0076988790293975855,0
97.25,0.5349272916487062,main,0,0,-2.055443076104879,0.2238183126240619,-2.06,0.24514725037560983,-0.5725114761321836,5.5107814794525,-2.769256654118202,0.4285330144058954,0.14695937961384284,-0.2,0.0003318851801286326,0.32,0.008887780833324675,0.007936659390183003,0
97.30000000000001,0.5354552283181142,main,0,0,-2.0534849912872972,0.21674292906287335,-2.06,0.2384723750548328,-0.5714455994085441,5.518045022355298,-2.766129787669943,0.42171592512859013,0.1468266306782018,-0.2,0.001656628614272414,0.32,0.008882294111927461,0.008125786334531895,0
97.35000000000001,0.5359989241392032,main,0,0,-2.051601835000542,0.2096636489124967,-2.06,0.23159825164479078,-0.5703096017603928,5.5252818721113215,-2.763034608061145,0.4148843906604577,0.146509364953731,-0.2,0.002872566498314299,0.32,0.008869187395013262,0.00827446654662817,0
97.4,0.5365533098600138,main,0,0,-2.0497463865362047,0.20239678500870792,-2.0586876330267323,0.22475053210692952,-0.5690725052711528,5.532679141355867,-2.7599553726836077,0.4080456547034463,0.15,-0.041634607132681745,0.003735840352430016,0.12,0.007571882217746958,0.008133949680851927,0
97.45,0.5371193371356613,main,0,0,-2.047906069732513,0.19512607431015522,-2.056951934765336,0.21780773906134496,-0.5678200123536331,5.540073819272556,-2.7568079050467693,0.4012380525209553,0.15,-0.0820412091982233,0.004486028666960632,0.12,0.007775392273332009,0.008062238199347944,0
97.5,0.5376935149701695,main,0,0,-2.0460955932234413,0.18784787571365485,-2.055191243166247,0.2107649726649865,-0.5665371966430588,5.547463297187314,-2.753592519894771,0.39446226486753,0.15,-0.12101061779282313,0.005242442726291714,0.12,0.008087164584180647,0.008067223476314484,0
97.55000000000001,0.5382524541732518,main,0,0,-2.0443291865508058,0.18055885606305244,-2.053477280174081,0.20390912069632328,-0.5652096944220814,5.554844878173343,-2.750309538763449,0.3877189693162893,0.15,-0.15662749627305525,0.005991211306089407,0.12,0.008460650558200413,0.008145908892691671,0
97.60000000000001,0.5388166649919014,main,0,0,-2.0426199165065566,0.17325622667934187,-2.051747151999832,0.1969886079993295,-0.5638244255725147,5.562215836741563,-2.7469685959958072,0.38100420190234696,0.15,-0.19037567075956163,0.006712022752649315,0.12,0.008882669081459845,0.008293260930445306,0
97.65,0.5393848888722955,main,0,0,-2.0409802349964927,0.16593765820281903,-2.0500047179445904,0.1900188717783628,-0.5623690579806239,5.569573275506003,-2.7435873568463434,0.3743096353133786,0.15,-0.2,0.007382883264090924,0.12,0.009013878188659875,0.008437384382088221,0
97.7,0.5400190328211311,main,0,0,-2.0397228596388763,0.16005011001510522,-2.05,0.18200176402542512,-0.5611418219963042,5.575467179839412,-2.7401817373536823,0.3676274383788961,0.12040633945535006,0.11382844356660171,0.006888503046247779,0.32,0.0066590005297784945,0.008081707611626276,0
97.75,0.5406048986595607,main,0,0,-2.0384155696074924,0.15409498452368764,-2.05,0.17459447134654055,-0.55993296050789,5.581443063100196,-2.7367283411232393,0.36096980708273957,0.12193855312359148,0.2,0.00638640652391098,0.32,0.007884955728771487,0.008042357235055319,0
97.80000000000001,0.5411588655370603,main,0,0,-2.0383762191560884,0.15392391704326303,-2.0492380452840973,0.16771413585229158,-0.5598998787122129,5.581615452588505,-2.733208542357807,0.3543470420521151,0.003510700265446299,0.2,0.00578377413461652,0.32,0.005003080305260296,0.007434501849096315,0
97.85000000000001,0.5415507883941134,main,0,0,-2.0382806682057097,0.1535267521769399,-2.04767107080924,0.16301321242772002,-0.5598269078064584,5.582017379400341,-2.7296612224045993,0.34773897719547414,0.008169942843366392,0.2,0.005558849640193547,0.32,0.0050166592384931485,0.006950933326975682,0
97.9,0.5418347916522214,main,0,0,-2.038143532506321,0.1529808021000055,-2.046535577310398,0.15960673193119404,-0.5597318972240387,5.5825722133176345,-2.7260806481345203,0.34114887189309473,0.011258200327787652,0.2,0.005490075771809499,0.32,0.005031586994830799,0.006567064060546706,0
97.95,0.5420469124183117,main,0,0,-2.0379750698095576,0.15233743489780138,-2.0456874822833564,0.1570624468500691,-0.5596262064269648,5.583228818596693,-2.722463362819512,0.3345788454890515,0.013301143365483228,0.2,0.005472519788243426,0.32,0.005044036185146943,0.006262458485466754,0
98.0,0.5422111433881615,main,0,0,-2.037782469267393,0.1516307978739333,-2.045030858835389,0.15509257650616648,-0.5595170479918468,5.583953052873972,-2.718807422801067,0.3280302500227295,0.014648287986564461,0.2,0.0054666522661682695,0.32,0.005053358373630569,0.006020638463099517,0
98.05000000000001,0.5423434568396398,main,0,0,-2.0375707645627457,0.1508836012221295,-2.0445018470734677,0.15350554122040344,-0.5594089878260189,5.5847221073057245,-2.7151118783509878,0.3215039224782764,0.015532182312046353,0.2,0.005459854981095671,0.32,0.00505995273875513,0.00582850131823064,0
98.10000000000001,0.5424544843842083,main,0,0,-2.037343479164591,0.15011095737624322,-2.0440579400003944,0.15217382000118412,-0.5593049052834991,5.585520733619555,-2.7113764251821055,0.31500035502471013,0.01610760273659902,0.2,0.005449932501906537,0.32,0.0050644483574027255,0.005675690726065057,0
98.15,0.5425513015264432,main,0,0,-2.037103081256438,0.14932293173273595,-2.0436708485412454,0.15101254562373606,-0.5592066070209037,5.586338726908427,-2.707601172328832,0.3085198098397855,0.016477567406255375,0.2,0.005438252902486078,0.32,0.005067422971202253,0.0055540371750924964,0
98.2,0.5426386160246619,main,0,0,-2.0368513037351956,0.14852623804774995,-2.0433217502747585,0.1499652508242763,-0.5591152188915859,5.58716924539571,-2.7037864883869895,0.30206239654777384,0.0167106283292945,0.2,0.005427029751065273,0.32,0.0050693306015586045,0.005457095860385719,0
98.25,0.5427195591783847,main,0,0,-2.0365893687878476,0.1477253655595989,-2.0429981257310117,0.14899437719303454,-0.5590314356529713,5.58800768861254,-2.6999329001481795,0.29562812442998876,0.016852378573002945,0.2,0.005418343198762348,0.32,0.005070503590267778,0.00537977740636213,0
98.30000000000001,0.542796212672602,main,0,0,-2.0363181451602963,0.14692332833313662,-2.042691651978114,0.14807495593434267,-0.5589556796939626,5.588850948361045,-2.696041026118224,0.2892169376026564,0.016933115115340576,0.2,0.005413863042426664,0.32,0.0050711759946557074,0.005318057124020847,0
98.35000000000001,0.5428699593207442,main,0,0,-2.036038258073534,0.14612216338948436,-2.0423968002919586,0.1471904008758758,-0.5588882016359777,5.589696908620137,-2.6921115331942604,0.2828287386889939,0.01697294374318676,0.2,0.005414834673012774,0.32,0.005071508853218388,0.005268747469860355,0
98.4,0.5429417165469639,main,0,0,-2.0357501659112858,0.1453232617653467,-2.0421099026541985,0.14632970796259537,-0.558829143865743,5.590544111711948,-2.688145108681682,0.27646340471613623,0.01698518058777881,0.2,0.005422147945177312,0.32,0.0050716112724653525,0.005229320230381355,0
98.45,0.5430120917960708,main,0,0,-2.0354542136473377,0.14452758846405023,-2.041828530396807,0.14548559119042165,-0.5587785804793621,5.5913915355072765,-2.684142442450826,0.2701207977565048,0.016978618847622383,0.2,0.005436419478851876,0.32,0.005071556343464102,0.005197767452997904,0
98.5,0.5430814859684356,main,0,0,-2.0351506700277087,0.1437358285222223,-2.0415510806516783,0.14465324195503543,-0.5587365422518277,5.592238444783366,-2.6801042157810264,0.2638007720157881,0.016959039294735044,0.2,0.00545806476072022,0.32,0.00507139256363573,0.005172492475125469,0
98.55000000000001,0.543150162257424,main,0,0,-2.0348397534310303,0.1429484839517064,-2.0412765011268155,0.14382950338044648,-0.5587030321263984,5.593084292094826,-2.6760310946029255,0.25750317851759336,0.016930216806772924,0.2,0.005487354555919606,0.32,0.005071151802382756,0.005152224340576926,0
98.60000000000001,0.5432182919593682,main,0,0,-2.0345216498534096,0.1421659380237854,-2.0410041069502447,0.14301232085073406,-0.5586780347208532,5.593928651701343,-2.6719237256228277,0.25122786816181575,0.016894591032646008,0.2,0.005524456656080265,0.32,0.005070854761812822,0.005135950424824106,0
98.65,0.5433058001949594,main,0,0,-2.034191729942458,0.141377030850976,-2.040654234088676,0.1419627022660283,-0.5586612785147484,5.594783602521279,-2.6677827343258076,0.2449746936817613,0.017102300137145296,0.2,0.005599508656564078,0.32,0.005072595161744274,0.00512327937220814,0
98.7,0.5433872997954023,main,0,0,-2.0338515652044618,0.1405859450634655,-2.040328384775969,0.14098515432790648,-0.5586530148797727,5.595644683518929,-2.6636083828810353,0.23874373949997443,0.017222412980497686,0.2,0.005675103261511632,0.32,0.005073611019005697,0.005113345701567651,0
98.75,0.543464748300301,main,0,0,-2.033502268155996,0.1397954975271221,-2.0400187324346777,0.14005619730403315,-0.5586533635608473,5.596508868461056,-2.659401029718998,0.23253502148657643,0.017283700249406952,0.2,0.005753597399771563,0.32,0.005074132017968905,0.005105502964847903,0
98.80000000000001,0.5435394443998705,main,0,0,-2.0329424845515627,0.13856223326625627,-2.0396041399576674,0.13920827991533505,-0.5586674533918728,5.597863157904854,-2.6551610895917843,0.22634851134614642,0.027087254721888894,0.2,0.00570453397276213,0.32,0.005180183242021696,0.005120439020282662,0
98.85000000000001,0.5436238452434228,main,0,0,-2.032377658792246,0.1373502120721236,-2.039126915036604,0.13825383007320768,-0.5586947344191058,5.599200049545551,-2.6508823488468125,0.22018877290711206,0.026743399285914186,0.2,0.005629813440719535,0.32,0.0051757147828501325,0.005131494172796156,0
98.9,0.5437146420726828,main,0,0,-2.031806044362456,0.13615498821744065,-2.0386135255033633,0.1372270510067259,-0.5587350091310882,5.600524315782651,-2.646564326353882,0.2140565072776284,0.02649757059918888,0.2,0.005564305507106331,0.32,0.005172552862866295,0.005139705910810185,0
98.95,0.5438096316411958,main,0,0,-2.0312264788516794,0.1349736372252838,-2.0380764291021003,0.13615285820420084,-0.5587881599718613,5.601839101444299,-2.642206386997608,0.20795254425619406,0.02631719094395486,0.2,0.005509347379589575,0.32,0.005170250124312226,0.005145814753510594,0
99.0,0.5439073460772181,main,0,0,-2.0306382020269043,0.13380424946774505,-2.0375239255718642,0.1350478511437286,-0.55885411127835,5.603146460528569,-2.6378078198228647,0.2018777926720326,0.026180430478117273,0.2,0.0054658202615660055,0.32,0.005168514036940207,0.005150354610196516,0
99.05000000000001,0.5440068064655674,main,0,0,-2.0300407312136604,0.1326455933856726,-2.036961549960659,0.13392309992131846,-0.5589328072866612,5.604447714626536,-2.633367889105155,0.1958332070599382,0.026072631544988453,0.2,0.0054342535252515835,0.32,0.005167151564372844,0.0051537140010317825,0
99.10000000000001,0.5441073588247624,main,0,0,-2.029433776126508,0.13149689165572329,-2.036393000054522,0.13278600010904387,-0.5590241996593291,5.6057436920863815,-2.62888586747419,0.18981976527510616,0.02598391919790783,0.2,0.005414933381718101,0.32,0.005166034276135577,0.005156178056052542,0
99.15,0.5442085649451796,main,0,0,-2.0288171807904734,0.1303576724687175,-2.0358207536077515,0.13164150721550297,-0.5591282405604625,5.607034887522926,-2.624361057134114,0.18383845343017283,0.02590760633066401,0.2,0.005407987959306099,0.32,0.005165076007616998,0.005157957646365433,0
99.2,0.5443101297483675,main,0,0,-2.028190884030064,0.12922767070878066,-2.0352464790727565,0.1304929581455127,-0.5592448788956821,5.608321568178068,-2.619792803191782,0.17789025572680342,0.02583913009030587,0.2,0.0054134464148322915,0.32,0.005164218392899187,0.005159209795672184,0
99.25,0.544411852955101,main,0,0,-2.0275548926624625,0.1281067622584738,-2.0346713088817894,0.12934261776357908,-0.5593740583068573,5.609603844846093,-2.615180501759328,0.17197614755259966,0.025775343052098897,0.2,0.00543127723501754,0.32,0.005163421421270218,0.0051600521207917915,0
99.30000000000001,0.5445135969317156,main,0,0,-2.0269092633693613,0.12699492027941867,-2.034096021252365,0.12819204250473032,-0.5595157161015147,5.610881719190351,-2.61052360460397,0.16609709075032084,0.025714041070974438,0.2,0.005461411814658696,0.32,0.005162657239300179,0.005160573144493469,0
99.35000000000001,0.5446152653027595,main,0,0,-2.026254090488141,0.125892186062137,-2.033521161117039,0.12704232223407896,-0.5596697826504077,5.612155115341108,-2.6058216215237473,0.16025403032676727,0.02565364892758923,0.2,0.005503758314405284,0.32,0.005161906068328728,0.005160839729260521,0
99.4,0.5447167887280543,main,0,0,-2.025589497833495,0.12479864952869713,-2.032947120543708,0.12589424108741593,-0.5598361809959079,5.613423901035066,-2.601074121232169,0.1544478921109251,0.025593011128648008,0.2,0.005558209398759211,0.32,0.005161153509301616,0.005160902485268741,0
99.45,0.5448181154472135,main,0,0,-2.024915633257868,0.12371443612615733,-2.0323741921994265,0.12474838439885305,-0.5600148265355823,5.614687901802347,-2.596280731271188,0.14867958103384468,0.025531252758387014,0.2,0.005624646269369607,0.32,0.005160388761375525,0.005160799740490099,0
99.5,0.5449192049966853,main,0,0,-2.024232665068268,0.1226396979473715,-2.0318026048759283,0.12360520975185642,-0.5602056267146033,5.615946910536483,-2.5914411372963615,0.14294997981222182,0.025467686985241107,0.2,0.005702940541324007,0.32,0.005159603444155778,0.005160560481223235,0
99.55000000000001,0.5450468467988183,main,0,0,-2.023531701721129,0.12156063298311065,-2.0310808840212125,0.12216176804242486,-0.5604111422721628,5.617217144438852,-2.5865550819611953,0.13725994789124873,0.025735040789769043,0.2,0.00583641945225813,0.32,0.00516291882670323,0.005161032150319234,0
99.60000000000001,0.5451666586932771,main,0,0,-2.0228157382047227,0.12048223798611975,-2.0304034355566105,0.12080687111322193,-0.5606306510876921,5.618492822849058,-2.581621604298672,0.1316109835478152,0.02588852661979555,0.2,0.005974908556303802,0.32,0.005164836834437147,0.005161793087142817,0
99.65,0.5452811904886279,main,0,0,-2.020072781860234,0.11643908701547928,-2.0296724279146257,0.11956323721950113,-0.5615072901967098,5.623299316701306,-2.5766400669030065,0.12600435486601502,0.09771566768775723,0.2,0.006038797637562415,0.32,0.0069907710074897786,0.00552758867121221,0
99.7,0.5454771620529173,main,0,0,-2.0173585584273437,0.11252315508116445,-2.0281857885120056,0.1175810513493414,-0.5624090173936667,5.627977822853927,-2.5716027132297503,0.12044782105701743,0.09529224891424844,0.2,0.005824589248386211,0.32,0.006906629551223782,0.005803396847214525,0
99.75,0.5457273174759731,main,0,0,-2.0146524911249535,0.1087011949097956,-2.026288110601222,0.11505081413496297,-0.5633412310533639,5.632567066526828,-2.5665100470100732,0.11494193776957287,0.09365933972988473,0.2,0.005677572267268137,0.32,0.00685056054615928,0.006012829587003476,0
99.80000000000001,0.5460135016786624,main,0,0,-2.0119409632443426,0.10495159840973323,-2.0241171185306746,0.11215615804089976,-0.5643076623924265,5.637092314346284,-2.5613625775063533,0.1094872555874219,0.09254589642033947,0.2,0.005590256446530025,0.32,0.006812624851010749,0.0061727886398049315,0
99.85000000000001,0.5463236101357077,main,0,0,-2.009215083070367,0.10126045884477801,-2.02176463717451,0.10901951623268043,-0.5653108300158164,5.641569879391064,-2.5561608194612515,0.10408431997423714,0.091771311445032,0.1889812754302663,0.005556909160160319,0.32,0.006586056145401743,0.006255442140924295,0
99.9,0.5466495602511277,main,0,0,-2.006471051862887,0.09761728611310583,-2.0192919810693817,0.10572264142584267,-0.5663499730033807,5.646010892414217,-2.5509052930462377,0.09873367121907752,0.0912193286983027,0.1750313338335951,0.005573606191138131,0.32,0.006320592908117892,0.0062684722943630155,0
99.95,0.5469859474162426,main,0,0,-2.003707609585181,0.09401439077737794,-2.0167401495523514,0.10232019940313572,-0.567423138908929,5.650422896829626,-2.5455965238095737,0.09343584438235966,0.09081292423972122,0.16161521623002476,0.005635306328726712,0.32,0.0060780047586028365,0.00623037878721098,0
100.0,0.5473291523073868,main,0,0,-2.0009247438737705,0.09044625269186184,-2.014136598796421,0.09884879839522788,-0.5685281098792618,5.6548109476634,-2.5402350426237588,0.08819136924235242,0.09050072036189574,0.1487607329154249,0.0057372957554678045,0.32,0.005857221888490624,0.00615574740746691,0
100.05000000000001,0.5476767463593327,main,0,0,-1.9981232305910162,0.08690878036370564,-2.011499751886448,0.09533300251526418,-0.569662523886433,5.659178474653157,-2.534824203122935,0.08299783326998039,0.09024896042818356,0.1364773449078069,0.005875618890375488,0.32,0.0056571616727470264,0.0060560302605229335,0
100.10000000000001,0.5480270961967925,main,0,0,-1.9953043241761665,0.08339882585543976,-2.0088419996,0.09178933280000014,-0.5708239621123616,5.663527851076637,-2.5293684791500466,0.07785146795729118,0.09003557969108845,0.12476237489113895,0.006046832433281553,0.32,0.005476727617252364,0.005940169731868819,0
100.15,0.5483767668344747,main,0,0,-1.9924704717698107,0.07991500006358543,-2.0061893997199998,0.0882525329599996,-0.5720096248699172,5.6678593595245506,-2.523872012081386,0.07274864033300962,0.08981706209623665,0.11363843657222997,0.0062488146184435335,0.32,0.00531402112581521,0.005814940010658098,0
100.2,0.5487223172399427,main,0,0,-1.9896252900126852,0.07645756359249338,-2.0035680559029894,0.0847574078706525,-0.5732163087605368,5.672171301102406,-2.518338626005156,0.06768587048524993,0.08955205454419729,0.10312676692561781,0.006480316585906327,0.32,0.005166805828367259,0.00568531317419993,0
100.25,0.5490699100877685,main,0,0,-1.9867697003768405,0.07302372050208884,-2.000931218127466,0.08124162416995476,-0.5744420417216135,5.676465861527641,-2.512771841882666,0.06265984675534259,0.08932115211496627,0.09311033450585393,0.006735718551937213,0.32,0.005036281319856221,0.005555506803331188,0
100.30000000000001,0.5494186038323872,main,0,0,-1.9837627943860878,0.06944197017009113,-1.998415433207284,0.07762314981092609,-0.5757464760812785,5.680956838044983,-2.5071749277299484,0.057667397259643045,0.0935316397332804,0.10186547793128244,0.006977603380177402,0.32,0.005325014443580937,0.005509408331381138,0
100.35000000000001,0.5497729799221018,main,0,0,-1.980740887340899,0.06587935698125628,-1.9959301032142585,0.0738951548213877,-0.5770723619856134,5.685436364972205,-2.501544812253186,0.05271241999245778,0.09343261726618173,0.1208505161505798,0.007228951010552398,0.32,0.005563466945770921,0.005520220054259095,0
100.4,0.5501311532741575,main,0,0,-1.9777008074528064,0.062338910700631224,-1.993418142050955,0.0701272130764324,-0.5784238245938825,5.689902951410462,-2.4958778563992303,0.04779961922819722,0.09333133577095294,0.1392689477419725,0.0074896900967096735,0.32,0.005822305855088648,0.005580637214425006,0
100.45,0.5504917862612057,main,0,0,-1.9746400360241239,0.05882418447175075,-1.9908889308394795,0.06633339625921937,-0.5798046029462096,5.694354363921606,-2.490170645047833,0.04293364156790301,0.09321292228574372,0.15700857436730947,0.007766957797596246,0.32,0.006093351292035825,0.00568318002994717,0
100.5,0.5508539055457989,main,0,0,-1.971556555240505,0.055339006593189015,-1.9883492958438531,0.06252394376577955,-0.5812180889701474,5.698787915077091,-2.484420019544095,0.03811904850973536,0.09306840191635919,0.17398783556644906,0.008066433459106681,0.32,0.006369785939601741,0.005820501211878085,0
100.55000000000001,0.5512631430360505,main,0,0,-1.9684293177200716,0.05186572990117574,-1.985479208842183,0.058218813263274743,-0.582676411252084,5.703228248579261,-2.4786231013648874,0.03336029451067492,0.0934735588035225,0.19330982337659483,0.008437935935785162,0.32,0.0067229974990453654,0.006001000469311542,0
100.60000000000001,0.5516603539144965,main,0,0,-1.9652626633177697,0.048416313612873636,-1.9826934675396228,0.054040201309434176,-0.584180428943421,5.707662671159233,-2.472778886282305,0.028659746662975497,0.0936507828768593,0.2,0.008853399984152374,0.32,0.006850268084799531,0.0061708539924091406,0
100.65,0.5520494071741158,main,0,0,-1.960135653867523,0.042942395994103544,-1.979955304162816,0.049955304162815954,-0.586660311006737,5.714740819571921,-2.466887958712985,0.024017875017504756,0.15,0.017761656720616387,0.009306064988258006,0.12,0.007513133353063393,0.006439309864539991,0
100.7,0.5524996087500533,main,0,0,-1.9550037851474455,0.037473033742442846,-1.9759304203982628,0.04593042039826299,-0.5891464780734124,5.721816762852967,-2.4609509077447753,0.019435143757559028,0.15,-0.022424452445400266,0.009580153865590172,0.12,0.007520923150928517,0.0066556325218176966,0
100.75,0.5529926192463492,main,0,0,-1.949878052024508,0.031997920962561405,-1.9715228171193036,0.04152281711930336,-0.5916247098713394,5.728895489232461,-2.4549683270778258,0.014912011152445379,0.15,-0.0645580392282487,0.010001064758096118,0.12,0.007671690672082822,0.006858844151870722,0
100.80000000000001,0.5534730624543476,main,0,0,-1.9447700187015444,0.026506291370947073,-1.9672275676776836,0.03722756767768358,-0.5940800793634088,5.735982178209509,-2.4489503855204924,0.010436033112673517,0.15,-0.10341750726154747,0.010510600940116306,0.12,0.007933125992011012,0.007073700519898781,0
100.85000000000001,0.553985024404432,main,0,0,-1.9396904500732182,0.020988322310674712,-1.9626505349636771,0.03265053496367714,-0.5964987718076373,5.743081468798028,-2.442909218628689,0.005991451851701645,0.15,-0.14271982206831316,0.011073852756823072,0.12,0.00830545557191213,0.007320051530301451,0
100.9,0.5545191948405763,main,0,0,-1.9391287208268462,0.02036930491860289,-1.9583329770446194,0.027499465566929157,-0.5967626888148236,5.743874608187565,-2.4368562844374164,0.0015629094644005895,0.01671792185550769,-0.2,0.012062166532203593,0.32,0.005069390720581537,0.006869919368357469,0
100.95,0.5549127287220882,main,0,0,-1.93843553476543,0.01958990276869917,-1.9555730234603332,0.023359535190499887,-0.5970821002666794,5.744867558816469,-2.4308479375761176,-0.002925939830721728,0.020861204442850376,-0.2,0.012338429133330307,0.32,0.005107638850488066,0.0065174632647835885,0
101.0,0.5552127136851639,main,0,0,-1.9376581310230991,0.0186980053169381,-1.9534691523250403,0.020203728487560278,-0.5974331289371898,5.745997433373899,-2.4248847788744716,-0.007474647152476487,0.023662946925927422,-0.2,0.012517271347491518,0.32,0.0051380772321021955,0.00624158605824731,0
101.05000000000001,0.5554505438452719,main,0,0,-1.9368277086111358,0.017725822258073554,-1.9518011886917193,0.017701783037579067,-0.5978002398440985,5.747222166350618,-2.4189674046433796,-0.01208275763392209,0.025571400291999537,-0.2,0.012661765945906879,0.32,0.005160885707146894,0.006025445988027228,0
101.10000000000001,0.5556471485346275,main,0,0,-1.9359648868489854,0.016695012292327737,-1.9504223498100717,0.015633524715107615,-0.5981733159604666,5.748513617003998,-2.4130964066153333,-0.01674981046785047,0.026885167499731168,-0.2,0.012795094667547082,0.32,0.005177550635070628,0.005855866917435908,0
101.15,0.5558164792924425,main,0,0,-1.9350833054758578,0.015620132200434605,-1.9492347899736326,0.013852184960448896,-0.5985457575165033,5.749852960207487,-2.4072723718852433,-0.021475338952867434,0.027803258293903586,-0.2,0.012924034912936824,0.32,0.005189658267110907,0.005722625187370908,0
101.2,0.5559678352793114,main,0,0,-1.9341920005296684,0.01451095896664813,-1.948173291794983,0.012259937692474186,-0.5989132461851554,5.751227602651201,-2.401495882851729,-0.026258870540062408,0.02845831878133401,-0.2,0.013049058081543144,0.32,0.0051985276540236795,0.005617805680701463,0
101.25,0.5561074139509355,main,0,0,-1.9332969731373713,0.013374054270156397,-1.9471943909350133,0.010791586402519846,-0.5992729416728686,5.752629118073159,-2.395767517158881,-0.031099926880262932,0.02893873751128123,-0.2,0.013168547117994518,0.32,0.005205153823074415,0.005535275309176054,0
101.30000000000001,0.5562393449939896,main,0,0,-1.932402225589249,0.012213818940110859,-1.9462691248467245,0.009403687270086798,-0.5996229596940809,5.754051864213826,-2.3900878476384935,-0.03599802387186919,0.0293033731570722,-0.2,0.01328046924795526,0.32,0.005210251356312436,0.005470270518603331,0
101.35000000000001,0.5563663796266017,main,0,0,-1.9315104455504353,0.011033203774671152,-1.9453781985349687,0.008067297802452945,-0.5999620330745514,5.7554920562319785,-2.384457442252786,-0.040952671709263755,0.029591375814536816,-0.2,0.01338297244471383,0.32,0.005214319112452919,0.005419080237373248,0
101.4,0.5564903500695904,main,0,0,-1.9306234577867174,0.009834188740045253,-1.9445087621673618,0.006763143251042616,-0.6002892920076552,5.75694714589827,-2.378876864037606,-0.04596337493179174,0.02982874014264964,-0.2,0.013474544624957743,0.32,0.005217699142940604,0.00537880401848672,0
101.45,0.5566124757700174,main,0,0,-1.929742522267692,0.008618106030367471,-1.943652263450321,0.0054783951754816835,-0.6006041217977164,5.758415405667094,-2.3733466710461233,-0.051029632473306476,0.03003267917091368,-0.2,0.01355400863985206,0.32,0.005220623003575019,0.00534716781550438,0
101.5,0.5567335674559573,main,0,0,-1.9288685307671958,0.007385857876910833,-1.9428030165408732,0.004204524811309936,-0.6009060709591114,5.759895650024816,-2.367867416293029,-0.056150937712275674,0.030214543879640975,-0.2,0.013620466157702578,0.32,0.0052232457968810885,0.005322383411779722,0
101.55000000000001,0.5568534696875258,main,0,0,-1.928002382483602,0.0061384178198166765,-1.9419621115786112,0.002943167367917031,-0.6011947100101624,5.761386625223612,-2.362439647699232,-0.06132677852244317,0.030373143039308395,-0.2,0.013674154378971485,0.32,0.005225544904142977,0.005303015710252374,0
101.60000000000001,0.5569374012496238,main,0,0,-1.9271571002152559,0.004894662866892268,-1.9413734781050282,0.0020602171575425875,-0.6014657481899837,5.762865802968572,-2.3570639080370697,-0.06655663732404114,0.03007609347042397,-0.2,0.0137629233715745,0.32,0.005221247791103494,0.005286662126422597,0
101.65,0.5570285562056244,main,0,0,-1.9263296388875755,0.0036505482869552772,-1.9407341851257986,0.001101277688697968,-0.6017203378884938,5.764338113201584,-2.3517407348760275,-0.07183999113554763,0.029883194854756455,-0.2,0.013827822608880505,0.32,0.005218478067101304,0.005273025314558338,0
101.7,0.5571275489740343,main,0,0,-1.9255170128725971,0.002401837145901775,-1.9400399235670696,5.988535060452937e-05,-0.6019594994956177,5.765808637692944,-2.346470660528986,-0.07717631162598426,0.029796916310320054,-0.2,0.013867921320556515,0.32,0.0052172445365355116,0.0052618691589537735,0
101.75,0.5572319683392823,main,0,0,-1.9252297264043086,0.0019505746935246761,-1.939441772417182,-0.001116455165635913,-0.6020400894632051,5.76633748225698,-2.341254211998988,-0.08256506516774892,0.010698996509712816,0.13571715503407822,0.01389331383294283,0.32,0.0034348417245017183,0.004896463672063363,0
101.80000000000001,0.5573176875243714,main,0,0,-1.9249265967690914,0.0014814833619493967,-1.9389570932408133,-0.0020858135183730807,-0.6021279736279636,5.766889035179818,-2.336046821218845,-0.08796257211659878,0.011170214914780817,0.16466742600566256,0.013850880382235876,0.32,0.0041543994746759015,0.00474805083258587,0
101.85000000000001,0.5573908630830822,main,0,0,-1.9246126016407572,0.0010042437327034586,-1.9385433390796016,-0.0029133218407965205,-0.6022225074747247,5.76745243020656,-2.330838927959726,-0.09335959424010562,0.011425420855975801,0.18767233547147433,0.013832504144205938,0.32,0.0047264591971859626,0.004743732505505889,0
101.9,0.5574555463325976,main,0,0,-1.9242910469830825,0.0005253619135308433,-1.9381776027036963,-0.003644794592607023,-0.6023232939038269,5.768020380283868,-2.3256224696853978,-0.09874833834909753,0.01153646730340449,0.2,0.013824747728569037,0.32,0.0050331625440278895,0.004801618513210289,0
101.95,0.557514400035327,main,0,0,-1.9239642100270757,4.8976702773609e-05,-1.9378448281429548,-0.004310343714090185,-0.6024299209635633,5.768588179486907,-2.3203905443022306,-0.10412206673681597,0.011554484234962498,0.2,0.013821388521983762,0.32,0.005033265864708412,0.004847947983509914,0
102.0,0.5575691761228814,main,0,0,-1.923633730682878,-0.0004225397371703846,-1.9375351095079378,-0.0049297809841239324,-0.602541846338071,5.76915299543978,-2.3151371585831373,-0.10947481729016952,0.011515977597737103,0.2,0.013819452144739817,0.32,0.00503304523624394,0.00488496743405672,0
102.05000000000001,0.5576210332013689,main,0,0,-1.9233007938706677,-0.0008875974253278676,-1.9372418957301343,-0.005516208539731243,-0.6026586280900029,5.769712895070656,-2.3098570473884323,-0.1148012068526734,0.011438978525011093,0.2,0.013817320511247809,0.32,0.005032606240730347,0.004914495195391446,0
102.10000000000001,0.5576707359773169,main,0,0,-1.922966281014248,-0.001345120295442313,-1.9369608629545114,-0.006078274090976776,-0.6027798944009549,5.7702665380148135,-2.304545545782174,-0.12009629426335121,0.011335361093281548,0.2,0.01381422324373271,0.32,0.005032020074263089,0.004938000171165775,0
102.15,0.5577187875548489,main,0,0,-1.9226308708762496,-0.001794371447976539,-1.9366891664959267,-0.006621667008146152,-0.6029053218910158,5.770812976029105,-2.299198499643031,-0.12535548598697888,0.011212966756848849,0.2,0.01380981581237661,0.32,0.005031334470965371,0.004956667031125695,0
102.2,0.5577655172650409,main,0,0,-1.9222951066942253,-0.002234839197650335,-1.9364249442284813,-0.0071501115430368765,-0.6030346202168495,5.771351521632902,-2.2938122033240456,-0.13057447170875297,0.011076992812729232,0.2,0.01380396996400658,0.32,0.005030581420117568,0.004971449908924069,0
102.25,0.5578111390156548,main,0,0,-1.9219594408400673,-0.0026661627380240426,-1.9361669866605333,-0.007666026678932969,-0.6031675212339878,5.7718816620687985,-2.2883833558120585,-0.1357491808495251,0.010930902288981068,0.2,0.013796669033077283,0.32,0.0050297824567397615,0.004983116418487208,0
102.30000000000001,0.557855790084438,main,0,0,-1.9216242644638912,-0.0030880836584927913,-1.9359145175870198,-0.008170964825960522,-0.6033037714560774,5.772403002977663,-2.2829090292292373,-0.14087575362913302,0.01077702122621417,0.2,0.013787955528504396,0.32,0.00502895222350289,0.004992283579490344,0
102.35000000000001,0.557899556930917,main,0,0,-1.921289927100439,-0.003500414339726201,-1.9356670481426745,-0.008665903714650754,-0.6034431268808784,5.772915231568104,-2.2773866453483587,-0.14595052222210486,0.010616931068561517,0.2,0.013777904894447177,0.32,0.005028100840604279,0.004999447031713131,0
102.4,0.5579424923858604,main,0,0,-1.9209567495677422,-0.0039030173643955246,-1.9354242796082168,-0.009151440783566025,-0.6035853495045189,5.773418092571853,-2.271813957135981,-0.15096999889678195,0.010451726436659457,0.2,0.013766612337804079,0.32,0.005027235469297795,0.005005004719230065,0
102.45,0.5579846271100646,main,0,0,-1.9206250323890626,-0.004295792107488232,-1.9351860386193107,-0.009627922761378277,-0.6037302050319356,5.7739113725751166,-2.2661913536255205,-0.15593349864636968,0.010282184309623906,0.2,0.01375418608651481,0.32,0.0050263613365377595,0.005009276042691604,0
102.5,0.5580259772415427,main,0,0,-1.92029506123449,-0.004678665995477818,-1.9349522339273189,-0.010095532145362369,-0.6038774614284514,5.774394889824694,-2.2605193970726427,-0.16084052512502936,0.01010887485240882,0.2,0.013740743715808221,0.32,0.005025482402412045,0.005012517314635692,0
102.55000000000001,0.5580665495053073,main,0,0,-1.9199671103862292,-0.0050515887911871315,-1.9347228275072221,-0.01055434498555535,-0.6040268880575084,5.774868487600199,-2.2547986546682766,-0.16569058763420227,0.009932233795770587,0.2,0.01372640985658366,0.32,0.005024601792225285,0.00501493421015361,0
102.60000000000001,0.5581063446321549,main,0,0,-1.9196414449010846,-0.005414528830027167,-1.9344978152269032,-0.011004369546193455,-0.6041782552222407,5.775332029897567,-2.2490296984818947,-0.17048320117167923,0.00975260949710896,0.2,0.01371131446607313,0.32,0.005023722074319663,0.0050166917829868206,0
102.65,0.5581453596489901,main,0,0,-1.9193183219214365,-0.005767470506596161,-1.934277213897037,-0.011445572205925804,-0.6043313339811154,5.775785398600299,-2.2432131054043087,-0.17521788648010028,0.009570293350488833,0.2,0.013695591287618788,0.32,0.005022845437302937,0.005017922513850044,0
102.7,0.5581835894147996,main,0,0,-1.918997991436443,-0.006110412555699458,-1.9340610525862867,-0.011877894827426624,-0.6044858961457215,5.77622849159949,-2.2373494570899792,-0.17989417009488018,0.009385539273994856,0.2,0.013679376353417948,0.32,0.005021973802068092,0.005018732771493654,0
102.75,0.5582210276512741,main,0,0,-1.9186806966944476,-0.006443366832723014,-1.9338493667938899,-0.012301266412220256,-0.6046417143959976,5.776661221511522,-2.2314393398988512,-0.18451158439155432,0.009198576061243696,0.2,0.013662806495073662,0.32,0.005021108891856969,0.005019207995566317,0
102.80000000000001,0.5582576676339842,main,0,0,-1.9183666743996595,-0.006766357403801456,-1.933642194541568,-0.012715610916864057,-0.6047985624677128,5.777083514766297,-2.2256208643093687,-0.1889644248993613,0.009009615100093639,0.2,0.013646017876572828,0.32,0.005020252275596171,0.005019416851572288,0
102.85000000000001,0.5586134844006804,main,0,0,-1.9179417771179468,-0.007194734110604156,-1.9316303114696356,-0.016739377060728537,-0.6050142856947001,5.777646993064261,-2.219774984274299,-0.19334624222412283,0.01206721679490354,0.2,0.014689828994799616,0.32,0.005036272858268989,0.0050227880529116285,0
102.9,0.5588753349956581,main,0,0,-1.9174493610637673,-0.007681351976415479,-1.9301497382400417,-0.019700523519916423,-0.6052682584513353,5.778291018185376,-2.2139493302216082,-0.19762258587015558,0.013845873287596832,0.2,0.015804745203791548,0.32,0.005047699527283632,0.005027770347786029,0
102.95,0.5590733661464435,main,0,0,-1.9164451314672188,-0.008654100891877396,-1.927942355753986,-0.020685881415337972,-0.6057941460918395,5.779586456228928,-2.207859293170466,-0.2019999650764521,0.02796224265051899,0.2,0.01582830885176421,0.32,0.005191793287017033,0.00506057493563223,0
103.0,0.5592418924109778,main,0,0,-1.9154014775773283,-0.009645002628987659,-1.9259209654463092,-0.021359678184563566,-0.6063487700004416,5.780914421595381,-2.2017257875561356,-0.2063162260601019,0.028782631530086797,0.2,0.015327666232508431,0.32,0.005202989495904332,0.005089057847686651,0
103.05000000000001,0.5593907889160492,main,0,0,-1.9143298378750262,-0.010642289761675415,-1.9241350245246949,-0.021954991825101657,-0.6069264177932691,5.782259529882477,-2.195549426724067,-0.21057093719860345,0.029277932144020375,0.2,0.014773457904465062,0.32,0.005209893787456089,0.005113225035640539,0
103.10000000000001,0.5595266224707579,main,0,0,-1.9132380166756957,-0.011638171419302637,-1.9225057673183807,-0.02249807756053975,-0.6075230959295266,5.783611502148841,-2.1893625180141325,-0.21474230702372152,0.029555735871778774,0.2,0.014199478442062777,0.32,0.005213813748812355,0.005133342778274902,0
103.15,0.5596537557057709,main,0,0,-1.9121314018569875,-0.012627456392630621,-1.9209808662013401,-0.023006377932886696,-0.6081359717110281,5.784963413533469,-2.1832448867867758,-0.2187785754257548,0.029686906982284357,0.2,0.013623412282718014,0.32,0.005215676477259313,0.005149809518071784,0
103.2,0.5597750822279586,main,0,0,-1.9110137775752027,-0.013606652870709375,-1.91952561377115,-0.023491462076283325,-0.608762993326465,5.786310541467888,-2.177197745938592,-0.22268210708122965,0.029718073813199027,0.2,0.013054580936872362,0.32,0.00521612018438184,0.005163071651333796,0
103.25,0.5598925161790927,main,0,0,-1.9098878664493693,-0.01457338012979905,-1.9181170508312957,-0.023960983056234696,-0.6094026314151167,5.787649608520835,-2.171221206347809,-0.2264559355305107,0.02967987504517138,0.2,0.012497927081591012,0.32,0.0052155764261241164,0.005173572606291861,0
103.30000000000001,0.5600073183078593,main,0,0,-1.9087556909658312,-0.015525984443044868,-1.9167400553164966,-0.024419981561167807,-0.6100537035452118,5.78897828507461,-2.165314683611706,-0.2301034526501261,0.029592406479631173,0.2,0.011956086984314045,0.32,0.005214333735304838,0.005181724832094456,0
103.35000000000001,0.5601203132029489,main,0,0,-1.9076188139723154,-0.01646328875012718,-1.9153847366877819,-0.024871754437406038,-0.6107152552903033,5.790294863196496,-2.1594771668937103,-0.2336282111070858,0.02946882191375062,0.2,0.011430479139828652,0.32,0.00521258368397665,0.005187896602470895,0
103.4,0.5602320340642905,main,0,0,-1.90647849823882,-0.017384429956278924,-1.9140446994721856,-0.025318433509271425,-0.6113864799595246,5.791598043359465,-2.1537073959650312,-0.23703380024257106,0.029317715420731146,0.2,0.010921878971980572,0.32,0.0052104530603131315,0.005192407894039342,0
103.45,0.5603428192303372,main,0,0,-1.9053358118187405,-0.018288753622049878,-1.9127158854650612,-0.025761371511646224,-0.6120666647360679,5.792886795553204,-2.1480039770715456,-0.24032376961986518,0.029144697954225644,0.2,0.010430721342060207,0.32,0.005208025878114161,0.005195531490854307,0
103.5,0.5604528765852681,main,0,0,-1.9041916971124873,-0.019175746201145656,-1.9113958011971235,-0.026201399600958776,-0.6127551548591756,5.794160269403276,-2.142381611910534,-0.24349991354370856,0.02895344053086439,0.2,0.009957257516789839,0.32,0.005205358229405038,0.005197496838564453,0
103.55000000000001,0.5605623265809381,main,0,0,-1.90304701563759,-0.020044991794826945,-1.9100830019071493,-0.0266389993642836,-0.6134513301303777,5.795417736529238,-2.136861687278845,-0.24656369135648815,0.028746363812538048,0.2,0.00950163412075289,0.32,0.005202488210568682,0.0051984951129652995,0
103.60000000000001,0.5606712310199644,main,0,0,-1.9019025765644202,-0.020896144859728683,-1.9087767463029008,-0.027074417899033015,-0.6141545898291765,5.796658554053346,-2.131462798135907,-0.24951718355004518,0.02852509303816113,0.1867527788596698,0.009063930595990642,0.32,0.004881810892432157,0.0051351582688586705,0
103.65,0.5607796123567548,main,0,0,-1.9007594432551216,-0.02172986224674987,-1.907476765054716,-0.027507744981761263,-0.6148636959008272,5.797882893476626,-2.126200969144149,-0.2523628340177041,0.028297268025372305,0.1572894721150101,0.008644175106726187,0.32,0.004179033945559286,0.0049439334041987935,0
103.7,0.5608874673014352,main,0,0,-1.8996189187329542,-0.02254801433831682,-1.9061830976230263,-0.027938967458991174,-0.6155767009873616,5.799091939702863,-2.1210898653309256,-0.2551032539285031,0.028072541962568996,0.12955501256800322,0.008241431785092988,0.32,0.0035299408396650563,0.004661134891292046,0
103.75,0.5609947782539428,main,0,0,-1.8984821324654402,-0.02335238309225607,-1.9048959551120004,-0.028368014962666506,-0.6162918522139368,5.800286866827608,-2.1161409903762096,-0.2577410763778068,0.02785169373896266,0.10350845093849492,0.007853675259139313,0.32,0.0029386292289306963,0.004316633758819776,0
103.80000000000001,0.5611015208403856,main,0,0,-1.89735006638436,-0.024144651618760546,-1.9036156298745774,-0.028794790041807485,-0.6170075715938449,5.801468818095319,-2.111363873077569,-0.2602788519519394,0.02763521688007336,0.07909872779076195,0.007479081481232833,0.32,0.0024123937264353885,0.003935785752342899,0
103.85000000000001,0.5611919529446239,main,0,0,-1.896230929289249,-0.024921296111114627,-1.9025309409122046,-0.029156353029265072,-0.6177177724091647,5.8026312548923435,-2.1067739061915094,-0.26271490956956506,0.027244408638527614,0.05905559180236736,0.007197472397663449,0.32,0.0020088233700633115,0.0035503932758869814,0
103.9,0.5612552554175907,main,0,0,-1.8951373298510288,-0.02567544378558251,-1.9017716586385434,-0.029409447120485495,-0.6184136951720607,5.803762798066184,-2.1023875270393417,-0.26504518476622213,0.02656839058867418,0.04497365929153184,0.007069213170965774,0.32,0.0017403569217189848,0.0031883860050533823,0
103.95,0.561308595722736,main,0,0,-1.894072994815085,-0.02640588463916621,-1.9011318677066842,-0.02962271076443861,-0.6190924191455116,5.804860835714529,-2.0982074901317818,-0.26727077350783185,0.02581745850638022,0.033430055176238184,0.007004389109351739,0.32,0.0015378014428074195,0.00285826909260419,0
104.0,0.5613760470146552,main,0,0,-1.8930301916877135,-0.02711898731801355,-1.9003228223741795,-0.02989239254194016,-0.619758446492649,5.805934316671929,-2.0942229210719026,-0.2693990628644333,0.02526621295750531,0.020087647174245642,0.006875135191124724,0.32,0.0013594667239980886,0.0025585086188829697,0
104.05000000000001,0.5614527238279451,main,0,0,-1.8868350478164777,-0.03134630235414334,-1.8995551129695714,-0.030444887030428552,-0.6237189046595023,5.812303364568484,-2.087613919985581,-0.2729446382254998,0.15,-0.18763447948166434,0.006950403593940547,0.12,0.008846139620279062,0.003816034819162188,0
104.10000000000001,0.5616812675200998,main,0,0,-1.88067983550248,-0.03563155163156143,-1.8975118908992596,-0.032488109100740216,-0.6276194367615081,5.81870928755594,-2.0809819954369573,-0.27644714829420214,0.15,-0.14944381650753344,0.00809909546174966,0.12,0.008379045824717242,0.004728637020273199,0
104.15,0.5620164200797876,main,0,0,-1.8745568149239926,-0.03996267377200265,-1.8945155662121989,-0.03548443378780122,-0.6314719941400249,5.825144176960214,-2.0743235919488336,-0.279899055446682,0.15,-0.0981541529123008,0.008824428401961829,0.12,0.007891222882653072,0.005361154192749174,0
104.2,0.5624264283912094,main,0,0,-1.8684551238795681,-0.0443237936280019,-1.8908500175242884,-0.03914998247571158,-0.6352929246939122,5.8315978960199795,-2.0676330823477604,-0.2832883151413565,0.15,-0.038041989434975824,0.009151190600453876,0.12,0.0075600592325793135,0.0058009352007152015,0
104.25,0.5628889811651805,main,0,0,-1.8623617391518181,-0.04869651161109006,-1.886714711808559,-0.04328528819144105,-0.6391015727275596,5.838058871190633,-2.0609090152373066,-0.2866105013935271,0.15,0.027179827059965543,0.009146791118032273,0.12,0.007530718051711968,0.006146891770914555,0
104.30000000000001,0.5635369907033142,main,0,0,-1.8562624175667748,-0.05306094470167877,-1.8809213889756073,-0.04907861102439267,-0.6429189976508787,5.844514664476885,-2.05415206301858,-0.2898652819873371,0.15,0.11425178080601532,0.009063264831859994,0.12,0.008025485554522097,0.006522610527636063,0
104.35000000000001,0.5641606431308162,main,0,0,-1.85013826342606,-0.057390463850587235,-1.8753458231305768,-0.05465417686942303,-0.6467732393794571,5.850948545164129,-2.047362901381171,-0.2930523314474393,0.15,0.1911130318374196,0.008946190306025961,0.12,0.00889255977412052,0.006996600376932955,0
104.4,0.5647675425946491,main,0,0,-1.8486928737993809,-0.05839171728847487,-1.869892711428189,-0.06003576285727039,-0.6476912057373982,5.85244821092205,-2.0420846711547402,-0.2954659865048417,0.03516623164226454,0.2,0.0087703446614566,0.32,0.005300156565592396,0.006657311614664843,0
104.45,0.5652324212023044,main,0,0,-1.8470541980747996,-0.059502780152592936,-1.8643167193752102,-0.06189442687492997,-0.6487416537544191,5.854126387844157,-2.0366411984036215,-0.2978896843598134,0.039596559539202936,0.2,0.008822302161357726,0.32,0.005377705720691019,0.0064013904358700795,0
104.5,0.5656030600851585,main,0,0,-1.8452842165959067,-0.06067720799832394,-1.8598710868352604,-0.06337630438824665,-0.6498866368716382,5.8559155577247815,-2.0310990410193432,-0.300291204884768,0.04248348008556816,0.2,0.008511973883924781,0.32,0.005432505425717622,0.006207613433839588,0
104.55000000000001,0.5659111623466689,main,0,0,-1.8434241779720983,-0.061884777252856925,-1.856175550552461,-0.06460814981584632,-0.651100624320394,5.857771413770065,-2.0255018593928877,-0.3026503717094805,0.04435298044800194,0.2,0.008051037754139408,0.32,0.005469731911762324,0.006060037129424136,0
104.60000000000001,0.5661777648603962,main,0,0,-1.841501710422812,-0.06310572426606031,-1.8529777834937773,-0.06567407216874095,-0.652366321807367,5.859664718541775,-2.0198784056610033,-0.30495466287762424,0.0455481858567792,0.2,0.007538852632439898,0.32,0.005494232711408244,0.0059468762458209585,0
104.65,0.5664168232232771,main,0,0,-1.8395354687761045,-0.06432705202636751,-1.8501103950838313,-0.06662986830538953,-0.6536719117028182,5.86157604863787,-2.0142476875560638,-0.30719643537729546,0.04629361818369239,0.2,0.007021601924935941,0.32,0.005509786539544226,0.005859458304565612,0
104.7,0.5666375889053055,main,0,0,-1.837538183623491,-0.0655401534810359,-1.8474624184544726,-0.0675125271818425,-0.6550092233197728,5.8634923890980515,-2.0086288773189462,-0.30937143800378325,0.046736551520922,0.2,0.006520295386810657,0.32,0.005519127025188675,0.005791392048690225,0
104.75,0.5668242347255235,main,0,0,-1.8355304677241706,-0.06673227161307083,-1.8452236929181305,-0.06825876902728989,-0.6563645509252668,5.865393745417865,-2.0030637995377,-0.3114738071513413,0.04669933092929687,0.2,0.006084065601663462,0.32,0.005518339312973529,0.0057367815015468854,0
104.80000000000001,0.5670059341258398,main,0,0,-1.8335162119455002,-0.06790118879766366,-1.8430442972748144,-0.06898523424172853,-0.6577352305386501,5.867276517609024,-1.9975719852572487,-0.3135052143790332,0.0465772207257744,0.2,0.0056797517502164396,0.32,0.005515758671873034,0.005692576935612115,0
104.85000000000001,0.5671883768817882,main,0,0,-1.8314960917269287,-0.06904665972808698,-1.8408559854434239,-0.06971467151885873,-0.6591207433035232,5.869140208497637,-1.9921672087978735,-0.3154688950435099,0.046445621321826794,0.18003013978245294,0.005298025443352823,0.32,0.0050645603332108045,0.005566973615131853,0
104.9,0.5673711730776881,main,0,0,-1.830283367277158,-0.06971995882706696,-1.838791909103258,-0.0707248545380453,-0.6599582945750799,5.87024589386666,-1.9877191953588198,-0.3170611508977799,0.027741898044361512,-0.2,0.00522424193098385,0.32,0.005188837275128251,0.005491346347131132,0
104.95,0.5675320247383133,main,0,0,-1.8290471128523054,-0.07042258570002632,-1.8370480257804558,-0.07177118453172651,-0.6608055286978958,5.871387911321303,-1.9835462972277507,-0.3186021706416176,0.028439476265023196,-0.2,0.005306822454856271,0.32,0.0051982698588637225,0.005432731049477651,0
105.0,0.5676783520088766,main,0,0,-1.8277971341713053,-0.07114964536719012,-1.8354616095394625,-0.07272303427632248,-0.661655451744835,5.872557822974742,-1.9796424071185412,-0.3200883765876022,0.028921012863114923,-0.2,0.005366832748843557,0.32,0.005204907536409264,0.005387166346863974,0
105.05000000000001,0.5678150897210905,main,0,0,-1.8265399793122428,-0.07189780294176921,-1.833979159094119,-0.0736125045435286,-0.6625034199970922,5.873749933682364,-1.9759988655323961,-0.32151734506192203,0.02925869509096207,-0.2,0.005408424148855581,0.32,0.005209623604068102,0.005351657798304799,0
105.10000000000001,0.567945518314415,main,0,0,-1.825280043614518,-0.07266477980736763,-1.8325651093551791,-0.0744609343868926,-0.6633463325941643,5.8749603839409295,-1.9726055321380853,-0.32288749209659273,0.02950045067292478,-0.2,0.0054335942894783214,0.32,0.005213030929772359,0.005323932424598311,0
105.15,0.5680718168493732,main,0,0,-1.8240203017101704,-0.07344901065003807,-1.8311958359019118,-0.07528249845885289,-0.6641821003429914,5.876186540517467,-1.9694514912207803,-0.324197851094148,0.02967805708037547,-0.2,0.005443274050940281,0.32,0.005215550563474956,0.00530225605237364,0
105.2,0.5681954310356456,main,0,0,-1.8227627925010212,-0.07424940999339445,-1.8298556649825422,-0.07608660101047475,-0.6650092963215055,5.877426587021865,-1.9665255134834239,-0.3254479146907912,0.029812537764772155,-0.2,0.005437865185974943,0.32,0.005217467634776389,0.005285298368854191,0
105.25,0.5683173181340098,main,0,0,-1.8215089403914584,-0.07506521327404428,-1.8285342183945752,-0.07687946896325484,-0.6658269261804534,5.8786792487955015,-1.9638163556157116,-0.32663752147388364,0.02991775463081631,-0.2,0.0054175101209282955,0.32,0.005218973089159704,0.005272033312915294,0
105.30000000000001,0.5684381099115858,main,0,0,-1.8202597679786887,-0.07589586864473115,-1.8272246467953273,-0.07766521192280378,-0.6666342772589052,5.879943608039466,-1.9613129519012893,-0.3277667740762531,0.030002800280478362,-0.2,0.005382228851112924,0.32,0.005220193488911563,0.005261665348114548,0
105.35000000000001,0.5685582210621397,main,0,0,-1.8190160367909318,-0.0767409632872592,-1.8259224542564412,-0.07844652744613533,-0.6674308195883139,5.881218979569526,-1.9590045340616389,-0.3288359792593883,0.030073591220396084,-0.2,0.005331988766212615,0.32,0.005221211758033542,0.005253574630098347,0
105.4,0.5686779213371944,main,0,0,-1.8177783403308512,-0.07760017319287414,-1.8246247162499363,-0.07922517025003818,-0.6682161410527975,5.882504827300257,-1.956880703486541,-0.3298456034492348,0.030133928978498634,-0.2,0.005266740159280952,0.32,0.005222081403923338,0.005247275984863345,0
105.45,0.5687973835316197,main,0,0,-1.816547165505174,-0.07847322889509507,-1.8233295594094419,-0.08000226435433494,-0.6689899050289349,5.883800708089447,-1.9549314719624156,-0.33079623917570183,0.03018620685387185,-0.2,0.0051864340294563655,0.32,0.005222836174968618,0.005242388022884401,0
105.5,0.5689167154053338,main,0,0,-1.8153229330998955,-0.07935989204345002,-1.822035815449075,-0.08077851073055509,-0.6697518228176242,5.885106233962061,-1.9531472816448439,-0.3316885792507186,0.03023188066121298,-0.2,0.005091030745681394,0.32,0.005223496579953274,0.005238609734298176,0
105.55000000000001,0.5690359809189786,main,0,0,-1.8141060243655038,-0.08025993934360258,-1.8207427909355438,-0.08155432543867372,-0.6705016358082888,5.8864210466823295,-1.9515190114405687,-0.3325233964820091,0.03027178230861652,-0.19878158228215353,0.004980504046053202,0.32,0.005194927855078648,0.005229873358454271,0
105.60000000000001,0.5691552143619169,main,0,0,-1.8128967541363774,-0.08117306924585707,-1.8194501141185802,-0.08232993152885204,-0.6712391777516065,5.8877447432439665,-1.9500379745740601,-0.33330152738824703,0.03030604365761357,-0.1951816829205718,0.004854842723517826,0.32,0.0051094100978253615,0.00520578070632849,0
105.65,0.5692744296496189,main,0,0,-1.8116953320660152,-0.08209882031891769,-1.8181576341327421,-0.08310541952035477,-0.6719644431855372,5.88907681684958,-1.9486959105768171,-0.33402385881373226,0.03033433724627133,-0.19175966172299452,0.0047141436575183346,0.32,0.005028198977317731,0.005170264360526339,0
105.7,0.5693936266240747,main,0,0,-1.8105019565410378,-0.0830367431429822,-1.8168653526911092,-0.08388078838533455,-0.6726774321048762,5.890416776240165,-1.9474849737305044,-0.33469131673558233,0.03035684020128566,-0.18850622833193745,0.004558700642666859,0.32,0.004951057280265837,0.005126422944474239,0
105.75,0.569512795651715,main,0,0,-1.8093168198972152,-0.0839863962960397,-1.8155733742366198,-0.08465597545802818,-0.6733781468102662,5.891764139916866,-1.9463977191556712,-0.3353048568595917,0.03037360680356208,-0.18541203154949357,0.004388809994959473,0.32,0.00487774572704575,0.005076687500988541,0
105.80000000000001,0.5696319206868297,main,0,0,-1.808140111677865,-0.0849473434919562,-1.8142818727298446,-0.0854308763620932,-0.6740665900830007,5.893118432206976,-1.9454270875779651,-0.33586545659367617,0.030384612861289052,-0.1824678306508672,0.004204770294512673,0.32,0.004808027663278103,0.0050229555334464545,0
105.85000000000001,0.5697509813147252,main,0,0,-1.8069720205991302,-0.08591915151644904,-1.812991069497957,-0.08620535830122579,-0.6747427642206187,5.894479180582064,-1.9445663894501257,-0.3363741081081408,0.030389785156781757,-0.1796646033639214,0.004006882236399256,0.32,0.004741672032984393,0.004966698833354042,0
105.9,0.5698699541167503,main,0,0,-1.8058127356614655,-0.08690138871947012,-1.8117012184357284,-0.08697926893856295,-0.6754066706288854,5.895845913829906,-1.9438092888751728,-0.3368318122738431,0.030389020975969478,-0.1769936118626828,0.0037954485844761705,0.32,0.004678455208700822,0.004909050108423399,0
105.95,0.5699888135847949,main,0,0,-1.804662446697746,-0.0878936238994439,-1.8104125960909268,-0.08775244234544398,-0.6760583097709334,5.8972181608124075,-1.9431497876207526,-0.33723957332622617,0.03038220105543774,-0.17444644101310447,0.0035707742089454678,0.32,0.004618162063123055,0.00485087249936333,0
106.0,0.5701075327366657,main,0,0,-1.8035213445499652,-0.08889542546734415,-1.8091254949926845,-0.0885247030043893,-0.6766976813431781,5.8985954496295125,-1.9425822094108265,-0.3375983941428758,0.030369198166019497,-0.1720150183638295,0.003333166184568225,0.32,0.004560586539285324,0.0047928153073477295,0
106.05000000000001,0.570226083533049,main,0,0,-1.8023896210014516,-0.08990636081441992,-1.807840219130973,-0.08929586852141633,-0.6773247845926554,5.899977307068152,-1.9421011846116312,-0.3379092720500518,0.030349882808519357,-0.1696916222083606,0.0030829339274801616,0.32,0.0045055318910250195,0.004735358624083188,0
106.10000000000001,0.5703444371630456,main,0,0,-1.8012674685485854,-0.09092599583176868,-1.8065570808609543,-0.0900657514834274,-0.6779396187198717,5.901363258254914,-1.941701635382649,-0.33817319509322746,0.03032412700195783,-0.16746888193182113,0.0028203893515855033,0.32,0.004452810708503344,0.00467884904096722,0
106.15,0.570462564242824,main,0,0,-1.8001550800676631,-0.09195389454652542,-1.8052763987492728,-0.0908341607504363,-0.6785421833304836,5.902752826457748,-1.941378761332558,-0.33839113872058246,0.03029180681496039,-0.1653397734450125,0.00254584702908049,0.32,0.004402244805444972,0.0046235281938627705,0
106.2,0.5705804349570155,main,0,0,-1.7990526484138794,-0.09298961885067737,-1.8039984960411104,-0.09160090237533375,-0.6791324789116743,5.90414553299981,-1.9411280256996921,-0.33856406283837825,0.03025280407152747,-0.1632976115673212,0.00225962434305004,0.32,0.004353665019293548,0.0045695555589489265,0
106.25,0.5706980191625387,main,0,0,-1.7979603659770975,-0.0940327283061173,-1.802723699534566,-0.0923657802792604,-0.6797105073172762,5.905540897260513,-1.940945142063031,-0.3386929092044018,0.030207007516337182,-0.16133604059125103,0.0019620416230648565,0.32,0.004306910958421283,0.004517026638843398,0
106.30000000000001,0.5708152864679358,main,0,0,-1.7968784242109945,-0.0950827800146779,-1.8014523387205277,-0.09312859676768345,-0.6802762722510097,5.90693843674677,-1.9408260615808581,-0.33877859913102015,0.030154313627665835,-0.15944902384176549,0.00165342225714591,0.32,0.004261830719121344,0.004465987454898988,0
106.35000000000001,0.5709322062969012,main,0,0,-1.7958070131468586,-0.09613932854533395,-1.8001847450939197,-0.09388915294364822,-0.6808297797406756,5.908337667222734,-1.9407669607484879,-0.3388220314734126,0.030094627201439773,-0.15763083276312853,0.001334092775427905,0.32,0.004218280587452941,0.004416446081409778,0
106.4,0.5710487479417559,main,0,0,-1.7947463208998495,-0.097201925913056,-1.7989212515739639,-0.09464724905562161,-0.681371038598387,5.909738102889841,-1.9407642296628196,-0.33882408088163285,0.030027861787048138,-0.15587603587863788,0.0010043829023950292,0.32,0.004176124735868143,0.004368381812301451,0
106.45,0.5711648806106665,main,0,0,-1.7936965331732582,-0.09827012160531799,-1.797662191992244,-0.09540268480465364,-0.6819000608633854,5.911139256611245,-1.9408144607792495,-0.33878559629756555,0.029953940027107634,-0.1541794878435107,0.0006646255757405089,0.32,0.004135234921098572,0.004321752434060876,0
106.5,0.5712805734711098,main,0,0,-1.7926578327648348,-0.09934346265324814,-1.7964079006214853,-0.0961552596271089,-0.6824168622249386,5.912540640176272,-1.940914438145217,-0.33870739967977126,0.02987279393448605,-0.1525363187275723,0.0003151569308251724,0.32,0.0040954901874476835,0.004276499984738238,0
106.55000000000001,0.5713957956912105,main,0,0,-1.791630399078293,-0.10042149374503856,-1.79515871172739,-0.09690477296356609,-0.6829214624234368,5.913941764601433,-1.9410611270940448,-0.33859028494078663,0.02978436512741511,-0.15094192360865052,-4.3683749589559784e-05,0.32,0.004056776578058213,0.004232555303402233,0
106.60000000000001,0.5715105164800006,main,0,0,-1.790614407642483,-0.10150375737961023,-1.7939149591321584,-0.09765102452070504,-0.6834138856282167,5.9153421404651745,-1.9412516643825568,-0.3384350170827523,0.02968860503529998,-0.1493919525205495,-0.00041155412011975546,0.32,0.0040189868556693995,0.0041898416138556665,0
106.65,0.5716337701154746,main,0,0,-1.7896062666944048,-0.10259386294245895,-1.7925786971467839,-0.09845278171192968,-0.6838959601627338,5.916746520204603,-1.9414790494356093,-0.3382459071457352,0.029696318353263324,-0.14835293504136382,-0.000812767099743761,0.32,0.003995003021771385,0.00415087389543881,0
106.7,0.5717552524242532,main,0,0,-1.7886069287480133,-0.10369065993212159,-1.7912616391103848,-0.09924301653376917,-0.6843672792313585,5.918153466651054,-1.941741595579218,-0.33802307585249247,0.029675848548144736,-0.14726252248554653,-0.0012205384442479001,0.32,0.0039693257044661106,0.00411456425724427,0
106.75,0.5718754593759553,main,0,0,-1.78359661670869,-0.10927158935907304,-1.7899657023065159,-0.100034297693484,-0.6866971883204509,5.92528238828315,-1.93607229071142,-0.34293316570054627,0.15,0.05612593490737161,-0.001625377996292528,0.12,0.00763012616905951,0.004817676639607318,0
106.80000000000001,0.5721373060297024,main,0,0,-1.7785706626746824,-0.11483843640637395,-1.7876247457177383,-0.10237525428226156,-0.6890470940784965,5.932404743436349,-1.9303541692263668,-0.347786317942355,0.15,0.06779684580826477,-0.002139355671152557,0.12,0.007689132440559796,0.005391967799797814,0
106.85000000000001,0.5724983266423873,main,0,0,-1.773525866819939,-0.12038821431039516,-1.7843971559438951,-0.10560284405610489,-0.6914211299496018,5.939519091873325,-1.9245878029314418,-0.3525820472667387,0.15,0.08439603054778816,-0.0027723252044504,0.12,0.007791128367100523,0.0058717999132583566,0
106.9,0.5729287987686356,main,0,0,-1.7684576969890011,-0.12591665482873052,-1.7805486570388858,-0.1094513429611143,-0.693825165733141,5.946623359038308,-1.9187737684584694,-0.3573198741047614,0.15,0.10403088884188892,-0.003494795185070564,0.12,0.007938136818282463,0.006285067294263178,0
106.95,0.5734079211246663,main,0,0,-1.7633608394208948,-0.1314186583665735,-1.7762652162534858,-0.11373478374651413,-0.6962661219896328,5.953715025454172,-1.9129126472060516,-0.3619993246776875,0.15,0.12536330192812375,-0.004267370523780209,0.12,0.008128497611425521,0.0066537533576956475,0
107.0,0.5739211364051523,main,0,0,-1.7582295947392548,-0.13688860608269843,-1.7716769785383097,-0.1183230214616902,-0.6987514817386455,5.960791252338464,-1.9070050252814297,-0.36661993104435914,0.15,0.14744233140027346,-0.005053079337332337,0.12,0.008356855011334575,0.006994373688423434,0
107.05000000000001,0.5744582558475977,main,0,0,-1.753058164766759,-0.142320577367561,-1.7668750332785184,-0.12312496672148163,-0.7012889402476113,5.96784896473805,-1.901051493441873,-0.37118123114799023,0.15,0.16959220723801186,-0.00582099204086841,0.12,0.008615448216570789,0.007318588594052905,0
107.10000000000001,0.5750121452640651,main,0,0,-1.7478408602678601,-0.14770850217826223,-1.761923161408558,-0.12807683859144192,-0.7038861534646768,5.974884906999404,-1.8950526470356042,-0.37568276886237145,0.15,0.1913351004485095,-0.006546454230432916,0.12,0.008895543851545833,0.0076339796455514915,0
107.15,0.5755502790335804,main,0,0,-1.7425722503478125,-0.15304626851919315,-1.7571121478807423,-0.1328878521192578,-0.7065505579397539,5.981895680765058,-1.889009085942265,-0.38012409403748265,0.15,0.2,-0.0072565015991316265,0.12,0.009013878188659999,0.007909959354173194,0
107.2,0.5760993336624993,main,0,0,-1.7372505270822796,-0.15833108275292784,-1.7522034998885934,-0.13779650011140662,-0.7092849357649175,5.98887946039426,-1.8829214145129283,-0.3845047625445074,0.15,0.2,-0.00790509983170816,0.12,0.009013878188659877,0.008130743121070531,0
107.25,0.5766564671304131,main,0,0,-1.735103080914952,-0.1604214011400895,-1.7466319388320084,-0.14202083670079504,-0.7104053795467743,5.991658949867702,-1.8808072814551164,-0.3859942252802812,0.05993648638776237,0.2,-0.009159224081181423,0.32,0.005829318656693524,0.007670458228195131,0
107.30000000000001,0.5771156720900238,main,0,0,-1.7328305134194473,-0.1625896791982701,-1.7416534395880414,-0.14500793624717517,-0.7116088070106745,5.994560286645524,-1.8784308912560914,-0.3876331434268893,0.06282035580673292,0.2,-0.00984680537256025,0.32,0.005904743242445915,0.007317315231045288,0
107.35000000000001,0.5775098246048977,main,0,0,-1.730464892234567,-0.16480197522927792,-1.737380210485788,-0.1475718737085272,-0.7128795879452249,5.997539469945616,-1.8758353187337946,-0.38938518416975076,0.06477782743861542,0.2,-0.010536862138068155,0.32,0.005957383428919668,0.0070453288706201645,0
107.4,0.5778608710965994,main,0,0,-1.7280278084400535,-0.1670358389691759,-1.7335743180254464,-0.14985540918473222,-0.7142070359731457,6.000567242454092,-1.8730509444898322,-0.39122440815143317,0.066119663126518,0.2,-0.01121678827566889,0.32,0.005994124175382882,0.006835087931572709,0
107.45,0.5781834606854979,main,0,0,-1.7255337731549008,-0.16927642582146643,-1.7300769428537937,-0.15195383428772385,-0.7155838703809246,6.003624163856386,-1.8700995590689664,-0.39313183688368014,0.06705353516778857,0.2,-0.011878441361738845,0.32,0.0060200034423780295,0.0066720710337337735,0
107.5,0.5784873712831876,main,0,0,-1.7229925191194646,-0.17151391777142358,-1.7267820771317104,-0.15393075372097362,-0.7170051520414148,6.006697321961706,-1.866997134836757,-0.39509317785330555,0.06771806937219392,0.2,-0.012516558168925086,0.32,0.0060385712133535765,0.006545371069657735,0
107.55000000000001,0.5787791295426865,main,0,0,-1.7204105591385712,-0.17374181297842356,-1.723618961742958,-0.15582862295422523,-0.7184675483950136,6.009778138623127,-1.8637556964088007,-0.3970973170960438,0.06820567248054554,0.2,-0.013127727272656972,0.32,0.006052275142151702,0.006446751884156529,0
107.60000000000001,0.5790630922341337,main,0,0,-1.7177922407526336,-0.17595579230219485,-1.7205403624920201,-0.15767578250478792,-0.7199688263206949,6.012860906893057,-1.860384582188661,-0.3991353198035603,0.06857782620125936,0.2,-0.013709724201034992,0.32,0.0060627795289145,0.006369957413108123,0
107.65,0.5793421679115165,main,0,0,-1.715140459694262,-0.1781529687138842,-1.7175147461092228,-0.15949115233446637,-0.7215075025448611,6.015941816246285,-1.8568912951142542,-0.40119976691153403,0.06887532784857722,0.2,-0.0142610821129199,0.32,0.006071204737580577,0.006310206878002614,0
107.7,0.5796182983998788,main,0,0,-1.712457142399392,-0.1803313906492036,-1.7145210601770997,-0.16128736389374027,-0.7230826027799173,6.019018303379812,-1.8532820765096045,-0.4032843137534996,0.06912514400196247,0.2,-0.01478081524363072,0.32,0.006078298596912533,0.006263825221784598,0
107.75,0.5798927799559108,main,0,0,-1.7097435723068883,-0.18248971368873038,-1.7115452512477995,-0.16307284925132026,-0.7246934957964903,6.022088620086446,-1.849562293428955,-0.40538339544551233,0.0693449954643672,0.2,-0.015268241283708251,0.32,0.006084555940237641,0.006227971365475207,0
107.80000000000001,0.5801664774331948,main,0,0,-1.7070006105591737,-0.18462698375662145,-1.7085779429572074,-0.16485323422567552,-0.7263397790677548,6.025151545792904,-1.8457367004496361,-0.4074920292257098,0.06954642332292474,0.2,-0.01572286772685668,0.32,0.006090300689828672,0.0062004372303459,0
107.85000000000001,0.5804399670610976,main,0,0,-1.7042288453572023,-0.1867424941660022,-1.7056128880786605,-0.1666322671528036,-0.7280211998623909,6.028206196466619,-1.8418096169890428,-0.4096056808845853,0.06973683854909862,0.2,-0.01614431951391128,0.32,0.006095741679816893,0.0061794981202400985,0
107.9,0.5807136316043326,main,0,0,-1.7014286931380092,-0.18883569154320634,-1.702645936844617,-0.1684124378932298,-0.7297376006736097,6.031251897693895,-1.8377850478059363,-0.41172017360011803,0.06992089161498792,0.2,-0.016532293292770447,0.32,0.0061010103844023784,0.006163800573072555,0
107.95,0.5809877237700133,main,0,0,-1.6953769743187115,-0.1932658946234454,-1.699674349515126,-0.17019539029092434,-0.7334849173686763,6.037748636690259,-1.831111095443955,-0.4151419216723764,0.15,0.2,-0.016888282916110067,0.16990769503970005,0.009013878188659981,0.00673381609619004,0
108.0,0.5813568033684078,main,0,0,-1.6892812567903945,-0.19763536001579815,-1.6956729500025247,-0.17259622999848523,-0.7372970130066486,6.04420757830998,-1.8244032598663769,-0.4184967602473569,0.15,0.19480032450996823,-0.017603133204796142,0.1698608198810865,0.008942425790479928,0.007175538035048019,0
108.05000000000001,0.5817925279100835,main,0,0,-1.6831432704128881,-0.20194524669987085,-1.6909490151757993,-0.17543059089452043,-0.7411718370247531,6.050629084272659,-1.8176622118511698,-0.4217843538439977,0.15,0.18913314692921607,-0.0182595734829654,0.1698220096806111,0.008866064067109755,0.007513643241460366,0
108.10000000000001,0.5822750366045147,main,0,0,-1.676964801974287,-0.2061968967034824,-1.6857178670356099,-0.17856927977863402,-0.7451072128609915,6.05701366076821,-1.810888625497518,-0.42500437370567884,0.15,0.18407244021465768,-0.018854732522415343,0.16978957670058142,0.008799242270168008,0.007770763047201895,0
108.15,0.5827904069267563,main,0,0,-1.670747465185425,-0.2103915031515132,-1.6801304475055208,-0.18192173149668756,-0.749101182421328,6.063361747657274,-1.8040831781584121,-0.42815649783309745,0.15,0.179453095542424,-0.019386701846003725,0.16976208353665898,0.008739401205880688,0.007964490678937654,0
108.2,0.5833288748414963,main,0,0,-1.6644927424186453,-0.21453015548176857,-1.6742926139840675,-0.18542443160955951,-0.7531519496362967,6.069673742981269,-1.7972465503729147,-0.4312404110164676,0.15,0.1751612192441817,-0.01985438368481916,0.16973853333799263,0.008684809033850015,0.008108554349920126,0
108.25,0.583883588662646,main,0,0,-1.6582020134242708,-0.21861387054520487,-1.6682786494538213,-0.18903281032770708,-0.7572578416311166,6.075950019817649,-1.7903794257981072,-0.4342558048670408,0.15,0.1711180403516204,-0.020257435162035684,0.1697182155503536,0.008634284268751671,0.008213700333686435,0
108.30000000000001,0.5844337499986421,main,0,0,-1.6518765752403883,-0.2226436139342907,-1.6623140409756423,-0.19261157541461457,-0.7614172818985928,6.082190937751839,-1.7834824911407245,-0.43720237784794486,0.15,0.1671454424173271,-0.02059930511196006,0.16970017207489688,0.008585511011323183,0.008288062469213785,0
108.35000000000001,0.5849965007875236,main,0,0,-1.645517680682113,-0.2266203538046791,-1.6562129431578758,-0.19627223410527445,-0.7656287333532663,6.08839687657243,-1.7765564360884851,-0.44007983530433714,0.15,0.16337407783633923,-0.02087791442257166,0.16968465009369918,0.008540019368716196,0.008338453849114268,0
108.4,0.5855681473681128,main,0,0,-1.6391265138307518,-0.23054501764736204,-1.6500154010588273,-0.19999075936470362,-0.7698907382112478,6.094568206622795,-1.7696019532411222,-0.4428878894928699,0.15,0.15976317493136205,-0.02109399457656123,0.16967126254247875,0.008497215428603296,0.008370206165012073,0
108.45,0.5861460903051946,main,0,0,-1.6327042003862746,-0.23441850316055146,-1.6436281274964528,-0.20353992916863733,-0.7742019041290742,6.100705294566517,-1.7626197380411255,-0.44562625961046426,0.15,0.2,-0.02147285328584355,0.20804001955219356,0.009013878188659957,0.00849894056974165,0
108.5,0.5867284969893591,main,0,0,-1.6262434738452396,-0.2382275729370146,-1.6371912201607488,-0.20711598879958393,-0.7785742243469953,6.106798964717743,-1.7556104887041963,-0.4482946718223905,0.15,0.2,-0.021793416323730757,0.2080183691241256,0.009013878188659877,0.008601928093525295,0
108.55000000000001,0.5873140827767828,main,0,0,-1.6197449802749169,-0.24197184607294805,-1.6307191765643427,-0.2107115685753651,-0.783007261636633,6.11284860771454,-1.7485749061494273,-0.4508928592896511,0.15,0.2,-0.022039558366783816,0.20800098952375679,0.009013878188659846,0.008684318112552205,0
108.60000000000001,0.5879019306268263,main,0,0,-1.613209369519248,-0.24565094814415844,-1.624222132074459,-0.21432103773641165,-0.7875005726979525,6.118853618597646,-1.741513693929211,-0.45342056219566446,0.15,0.1936993473196813,-0.022210956013854397,0.207987841877277,0.008927465946170958,0.008732947679275956,0
108.65,0.5884913808174104,main,0,0,-1.6066384338502693,-0.24926658148205982,-1.6177073781079154,-0.2179403454956026,-0.7920518304530362,6.124814830961485,-1.7344275581588853,-0.4558775277722463,0.15,0.18747775399972838,-0.022307403864025237,0.20797921977493816,0.008844062564963569,0.008755170656413479,0
108.7,0.5890819539843513,main,0,0,-1.6000338948279607,-0.2528204616576991,-1.6111802127200305,-0.22156654848887186,-0.7966587671674981,6.130733119067766,-1.7273172074461218,-0.4582635103248866,0.15,0.18145313310840655,-0.022331139064007497,0.207974554411967,0.008765173968426725,0.008757171318816129,0
108.75,0.5896732986332615,main,0,0,-1.5933973849315328,-0.2563142756760199,-1.6046445207164954,-0.22519748849083587,-0.8013192081369932,6.136609367017764,-1.7201833528200667,-0.46057827125731826,0.15,0.17561786797024992,-0.022284424317272834,0.20797331889321335,0.008690570879925467,0.008743851231037998,0
108.80000000000001,0.5902651542971437,main,0,0,-1.5867304524702783,-0.2597496812644581,-1.5981031808450519,-0.22883156619719353,-0.8060310674818716,6.142444466118386,-1.7130267076602377,-0.4628215790953771,0.15,0.1699651733975712,-0.022169486401686336,0.20797503614402188,0.008620040609245616,0.008719089106679522,0
108.85000000000001,0.5908573256366482,main,0,0,-1.5800345661379254,-0.2631283061658355,-1.591558352046052,-0.23246758219663777,-0.8107923442662335,6.148239312396131,-1.7058479876251869,-0.4649932095101486,0.15,0.16448886465172324,-0.021988507485576497,0.20797927394680502,0.008553383343537576,0.008685947954051134,0
108.9,0.5914496642076382,main,0,0,-1.573311119268637,-0.2664517474840863,-1.5850116749619865,-0.2361046250211186,-0.815601118868594,6.153994804279862,-1.6986479105809356,-0.46709294534040113,0.15,0.1591832010896947,-0.0217436199461417,0.20798564081011964,0.00849040971880778,0.008646840307002465,0
108.95,0.5920420556026693,main,0,0,-1.5665614338353444,-0.26972157111107226,-1.578464414053137,-0.23974199219270179,-0.8204555495555262,6.159711840461816,-1.6914271965291883,-0.46912057661430134,0.15,0.1540427803246397,-0.02143690348439797,0.2079937824307334,0.008430939233344039,0.00860366009227078,0
109.0,0.5926132714627312,main,0,0,-1.5597867642195424,-0.27293931124923265,-1.5721511905619312,-0.24324933857670497,-0.8253538692256773,6.1653913179385755,-1.6841865675353327,-0.47107590057041154,0.15,0.14897491377452454,-0.021078543905407747,0.20800364028823654,0.008373825474884772,0.00855769316879358,0
109.05000000000001,0.5931910456672708,main,0,0,-1.5529883146387786,-0.2761064997971109,-1.5657654825735072,-0.24679695412582933,-0.8302943575998953,6.171034151856406,-1.6769267476562346,-0.4729587216779656,0.15,0.1440991939415038,-0.020661175551463903,0.20801464266033245,0.00832032818217639,0.008510220171470143,0
109.10000000000001,0.5937733789670763,main,0,0,-1.5461672222475105,-0.27922462400723835,-1.5593138361437924,-0.25034308192810384,-0.8352753737799256,6.176641243599393,-1.6696484628678319,-0.4747688516564217,0.15,-0.025581888315277503,-0.02020374005643712,0.12631795468672938,0.00752721865174043,0.0083136198675242,0
109.15,0.5943588635358867,main,0,0,-1.5393501238103537,-0.28235147048541986,-1.5526928637607051,-0.2536535681196475,-0.8402492138874982,6.182254701943792,-1.6623608891838026,-0.4765412144296271,0.15,-0.030838374933932166,-0.019835934350759227,0.12632789614422427,0.0075395210958889335,0.008158800113197147,0
109.2,0.5949465617856265,main,0,0,-1.5325378548183592,-0.28548882465425557,-1.5460468578906925,-0.25697657105465366,-0.8452143925891609,6.187875822869422,-1.6550653930698151,-0.4782806788445531,0.15,-0.03584942764145625,-0.01947577650200544,0.12633852531623144,0.007553359412465961,0.00803771197305091,0
109.25,0.5955358186190233,main,0,0,-1.5257312203846658,-0.2886383845736822,-1.5393832267237912,-0.2603083866381044,-0.8501694876213822,6.193505834700818,-1.6477632176681751,-0.47999188730750686,0.15,-0.040616354803477514,-0.019125734766961874,0.12634967737956398,0.007568424880610961,0.00794385455456292,0
109.30000000000001,0.5961261764000289,main,0,0,-1.5189309961647603,-0.29180176102282823,-1.5327071454529904,-0.26364642727350485,-0.8551131389156088,6.1991458978104905,-1.6404554976149925,-0.4816792603025238,0.15,-0.045142763607220054,-0.01878801139764774,0.1263612069479569,0.007584435917806379,0.007871970827211612,0
109.35000000000001,0.5967173154144534,main,0,0,-1.5121379294390056,-0.29498047844648245,-1.5260222295772015,-0.2669888852113992,-0.860044047225723,6.204797105047644,-1.633143272466386,-0.4833470023017802,0.15,-0.04943378112394173,-0.0184646035547804,0.12637298728435428,0.007601138842149292,0.007817804430199148,0
109.4,0.5973090121794773,main,0,0,-1.5053527402565696,-0.29817597649194505,-1.5193310063595773,-0.2703344968202114,-0.864960972460917,6.210460482682193,-1.6258274987680195,-0.4849991085920318,0.15,-0.0534955081797311,-0.018157344207987283,0.12638490903782398,0.007618307283913627,0.007777905000942044,0
109.45,0.5979255363169231,main,0,0,-1.4985761225755774,-0.30138961194197106,-1.5123590219470264,-0.27382048902648687,-0.8698627318620729,6.216136991712679,-1.6185090608354407,-0.4866393726643661,0.15,-0.057598556338622986,-0.017876867132387085,0.12639777383765358,0.0076369821302451485,0.007749720426802665,0
109.5,0.5985345445355726,main,0,0,-1.4918087880224784,-0.3046227502078718,-1.5054720315606804,-0.2772639842196598,-0.8747481230220235,6.22182759389648,-1.6111888087961994,-0.4882715215797481,0.15,-0.061386347732719816,-0.01761621165278948,0.12641035145863136,0.007655401838243067,0.007730856709090746,0
109.55000000000001,0.5991383299576419,main,0,0,-1.4850514088578117,-0.3078766443095487,-1.4986837967579394,-0.2807521161383204,-0.8796160249332684,6.227533164068031,-1.603867527746556,-0.48989904847419014,0.15,0.018105689452940114,-0.017331419690780257,0.15226326539753107,0.007513646584322635,0.007687414684137124,0
109.60000000000001,0.5997384986700202,main,0,0,-1.4782910867627124,-0.31112441972827953,-1.4920954561617434,-0.2845168821932896,-0.8844890900131717,6.233234325066199,-1.5965392696638614,-0.49149486596796005,0.15,0.021151720094639177,-0.016887600802616615,0.152246388368833,0.0075186183597355126,0.007653655419256802,0
109.65,0.600336124283448,main,0,0,-1.4715273336470938,-0.31436504371000895,-1.4855350323857845,-0.2882656957795517,-0.8893681818348008,6.238930329191558,-1.5892043935193134,-0.49305998319811956,0.15,0.02402633843599583,-0.016435660730210404,0.15223115579214566,0.007524014260130756,0.007627727187431593,0
109.7,0.6009319562229442,main,0,0,-1.4647596923965813,-0.3175975399442471,-1.4789942986312088,-0.2920032579250235,-0.8942541128402662,6.244620467872631,-1.5818632384304139,-0.4945953795510933,0.15,0.026740632152738475,-0.015974906635771044,0.15221739162243847,0.00752973527954047,0.007608128805853368,0
109.75,0.6015265170098457,main,0,0,-1.4579877352468178,-0.3208209847416289,-1.4724675189300023,-0.29573284632571295,-0.8991476473715581,6.250304068825464,-1.574516124685505,-0.49610200479294103,0.15,0.02930380487589931,-0.015504551799989058,0.15220494623432967,0.007535694766418631,0.007593641997966421,0
109.80000000000001,0.6021201703477295,main,0,0,-1.4512110624078338,-0.32403450387699684,-1.4659507007330859,-0.29945674243823667,-0.90404950420386,6.255980493721085,-1.5671633547703303,-0.4975807794798018,0.15,0.03172369589527305,-0.01502377018114494,0.15219369047162845,0.007541816462284391,0.0075832768908300156,0
109.85000000000001,0.6027131687737322,main,0,0,-1.4444293008607894,-0.3272372699188783,-1.459441071818856,-0.3031765303892252,-0.9089603587247533,6.261649136228301,-1.5598052143735148,-0.49903259554967805,0.15,0.034007146732113164,-0.014531730701839277,0.15218351145149808,0.007548033105918201,0.007576228133847653,0
109.9,0.603305687007826,main,0,0,-1.4376421032733955,-0.33042849991837314,-1.4529367142021479,-0.3068933061702012,-0.9138808448597112,6.267309420337397,-1.5524419733571677,-0.5004583170285031,0.15,0.0361602596343283,-0.014027618498501492,0.152174309552523,0.00755428538880513,0.007571839584839149,0
109.95,0.6038978452924479,main,0,0,-1.4308491469972477,-0.33360745336728426,-1.4464363079239058,-0.3106078240434824,-0.9188115568139297,6.272960798897052,-1.5450738866848541,-0.5018587808049984,0.15,0.03818857991040018,-0.013510647794872526,0.15216599620728244,0.007560521130995654,0.00756957589407045,0
110.0,0.6044897257268591,main,0,0,-1.4240501331221782,-0.33677343036129626,-1.439938951741054,-0.3143205990051121,-0.9237530506791918,6.278602752315822,-1.5377011953030975,-0.5032347974434775,0.15,0.04009722466836195,-0.012980069410743752,0.1521584922463803,0.007566694598126528,0.007568999634881666,0
110.05000000000001,0.605081383699055,main,0,0,-1.4172447855710264,-0.3399257699223259,-1.4334440376329294,-0.31803197849546905,-0.92870584593948,6.28423478739292,-1.5303241269750716,-0.5045871520137138,0.15,0.041890973888278955,-0.01243517485283585,0.15215172662459442,0.00757276591202438,0.007569752890310209,0
110.10000000000001,0.6056728558870013,main,0,0,-1.4104328502239718,-0.3430638484470839,-1.4269511629678608,-0.32174219258979386,-0.9336704268985756,6.289856436252515,-1.5229428970667194,-0.5059166049237664,0.15,0.043574335053968516,-0.011875298245275237,0.15214563541541073,0.0075787005266154265,0.007571542417571252,0
110.15,0.6062641658592756,main,0,0,-1.4036140940655366,-0.3461870782580012,-1.4204600690222389,-0.32545138913014915,-0.9386472440455812,6.295467255362527,-1.5155577092865002,-0.5072238927462841,0.15,0.045151589243991166,-0.011299816909690088,0.15214016099721628,0.007584468752459667,0.007574127684548936,0
110.2,0.6068553279960303,main,0,0,-1.3967883043500646,-0.3492949062391091,-1.413970597938215,-0.32915965832102,-0.9436367153692363,6.301066824623677,-1.5081687563805435,-0.5085097290319566,0.15,0.04662682423383262,-0.010708151114515176,0.15213525137909847,0.0075900453201106196,0.007577311211661273,0
110.25,0.6074463502348006,main,0,0,-1.3899552877832981,-0.3523868125440114,-1.407482662581646,-0.33286704995334526,-0.9486392276283911,6.306654746517996,-1.500776220785294,-0.5097748051059418,0.15,0.04800395850568445,-0.010099763324815311,0.1521308596306818,0.007595408976489334,0.007580930764626886,0
110.30000000000001,0.6080372359942207,main,0,0,-1.383114869718883,-0.35546230936631923,-1.4009962254245427,-0.33657358547168986,-0.9536551375836008,6.312230645308436,-1.4933802752398888,-0.5110197908445757,0.15,0.04928675889666441,-0.009474157162220635,0.1521269433914623,0.007600542110704179,0.0075848530338423455,0
110.35000000000001,0.6086279855227027,main,0,0,-1.3762668933694082,-0.3585209397652123,-1.3945112837399645,-0.34027926643430606,-0.9586847731931619,6.317794166283055,-1.4859810833605378,-0.5122453354306871,0.15,0.05047885379677683,-0.008830876206206824,0.15212346444250216,0.007605430406978795,0.007588968508469636,0
110.4,0.6092185968449413,main,0,0,-1.3694112190320682,-0.36156227654043743,-1.3880278592117872,-0.3439840804504074,-0.9637284347758063,6.323344975038521,-1.4785788001791602,-0.5134520680865375,0.15,0.051583743232373136,-0.008169502717785904,0.1521203883283279,0.0076100625229799344,0.007593187311371696,0
110.45,0.6098090664271744,main,0,0,-1.362547723329328,-0.36458592115223715,-1.3815459906318184,-0.3476880053532467,-0.9687863961415268,6.328882756798655,-1.47117357264846,-0.5146405987838949,0.15,0.05260480676725303,-0.007489656334782202,0.15211768402024314,0.007614429792137203,0.0075974358075247975,0
110.5,0.6103978897856029,main,0,0,-1.3556762984651123,-0.3675915026825635,-1.3750821934422737,-0.3513816037472723,-0.9738589056915297,6.334407215764484,-1.463765540115532,-0.5158115189310786,0.15,0.05353647660745777,-0.006792498216340239,0.15211533656340478,0.007618487149999881,0.007601646076019814,0
110.55000000000001,0.6109769743476577,main,0,0,-1.3487968528164307,-0.3705786798729617,-1.3687253037042235,-0.35501411216901513,-0.9789461850540487,6.339918076739657,-1.4563548348616586,-0.5169654026514819,0.15,0.05433538632827821,-0.006086558379091236,0.15211337764475172,0.007622021311938956,0.007605721123203643,0
110.60000000000001,0.6115602865074208,main,0,0,-1.3419093170944114,-0.3735471561955738,-1.3623220055929428,-0.35867313966117553,-0.9840484173619802,6.345415096429989,-1.4489415829835235,-0.5181028104900898,0.15,0.055089645105536,-0.0053575926103176545,0.15211166149366454,0.00762540445639831,0.0076096577898425765,0
110.65,0.6121465531844859,main,0,0,-1.335297453823529,-0.3763752500380098,-1.355670371756582,-0.3619242792192969,-0.9889551440415113,6.350672366062303,-1.441525903855971,-0.5192242841086742,0.14382607648749737,0.19925030345548833,-0.005175577138557013,0.32,0.008748015651358281,0.007837329362145718,0
110.7,0.6127275578148437,main,0,0,-1.3286481360894193,-0.3791413307624153,-1.3489576666995184,-0.3649077036891029,-0.9939211777943757,6.355888028788025,-1.4341047900544166,-0.5203092126521187,0.14403420274792017,0.2,-0.0052932304737151525,0.32,0.008767247510083941,0.008023312991733363,0
110.75,0.6133050935227201,main,0,0,-1.3219644788693856,-0.3818436159924948,-1.3422850402447002,-0.36787331544679985,-0.9989443886893216,6.3610591961228256,-1.4266781286590031,-0.5213554920210607,0.14418546292829065,0.2,-0.005335090435145349,0.32,0.008773461078708538,0.008173342609128399,0
110.80000000000001,0.6138803307770049,main,0,0,-1.3152489915874683,-0.38448094997589466,-1.3356389692427002,-0.37082712478102214,-1.0040229477322327,6.36618379737768,-1.4192458563572448,-0.5223611402858704,0.1442959458523883,0.2,-0.005302484974737743,0.32,0.008778000909864823,0.008294274269275684,0
110.85000000000001,0.6144540233566453,main,0,0,-1.3085037360202678,-0.38705242075621377,-1.3290107448201498,-0.3737730023021557,-1.009155337002925,6.371260165667606,-1.411807956952441,-0.5233242874418245,0.14437580772537206,0.2,-0.0051963881983883515,0.32,0.00878128320012989,0.008391676055446527,0
110.9,0.6150266454133252,main,0,0,-1.301730508003421,-0.3895572713652454,-1.3223948888100279,-0.37671338275109867,-1.0143402192859898,6.376286883289725,-1.4043644592471158,-0.524243168234321,0.1444311522376887,0.2,-0.005017438707554283,0.32,0.008783558182295184,0.008470052480816259,0
110.95,0.6155984826195989,main,0,0,-1.2949309588462776,-0.3919948433638822,-1.3157881006610128,-0.3796497330395499,-1.019576349795659,6.381262681042314,-1.3969154351261621,-0.5251161170561034,0.14446539514907572,0.2,-0.004766113783301026,0.32,0.008784965907102045,0.008533035166073417,0
111.0,0.6161696927958813,main,0,0,-1.288106676384672,-0.3943645414916142,-1.3091885569764545,-0.3825828635660203,-1.02486251630109,6.38618637315385,-1.38946099772651,-0.5259415642407668,0.14448017211002256,0.2,-0.004442834718077937,0.32,0.008785573420804892,0.008583542817019712,0
111.05000000000001,0.6167403462512183,main,0,0,-1.281259238992831,-0.3966658120831659,-1.3025954454325541,-0.3855131353633092,-1.0301974984301423,6.391056815726494,-1.382001299622141,-0.526718033294671,0.14447594287039556,0.2,-0.004048030359668086,0.32,0.008785399545309379,0.008623914162677646,0
111.10000000000001,0.6173104526426982,main,0,0,-1.2743902514564696,-0.39889813045831285,-1.2960086544550107,-0.38844059801999525,-1.0355800399436281,6.395872880713422,-1.3745365309814812,-0.5274441387563117,0.14445239368415866,0.2,-0.003582175263100172,0.32,0.008784431404633225,0.008656017611068762,0
111.15,0.6178799788776862,main,0,0,-1.267501368654686,-0.40106099415487967,-1.2894285663834584,-0.39136508160735195,-1.0410088298029134,6.400633440164826,-1.3670669176730357,-0.5281185844711725,0.14440870559164454,0.2,-0.003045812402363187,0.32,0.00878263546019266,0.008681341180893542,0
111.2,0.6184480820461815,main,0,0,-1.260594775308462,-0.4031537792769936,-1.2828649198773296,-0.394282257832298,-1.0464821212881792,6.405337041076337,-1.359592719307611,-0.5287401621366999,0.1443340309385814,0.2,-0.0024407370033073354,0.32,0.008779566117835553,0.008700986168281945,0
111.25,0.6190167841368543,main,0,0,-1.253671451705608,-0.4051762697284229,-1.2762943536536642,-0.39720250948726044,-1.0519991048605912,6.409983089892019,-1.3521142276058955,-0.5293077551840277,0.14425377268682818,0.2,-0.001764512295168573,0.32,0.008776267847778926,0.008716042504181343,0
111.30000000000001,0.6195858860581701,main,0,0,-1.2464516731053634,-0.40720722934482334,-1.2697018563429325,-0.4000745359142669,-1.0577838763806702,6.414756602064464,-1.3446317631794058,-0.5298203233320017,0.15,0.2,-0.0010588953817198122,0.25930288373822424,0.009013878188659862,0.008775609641077048,0
111.35000000000001,0.6201621408389192,main,0,0,-1.2392119462333682,-0.40916589083137717,-1.2626336144818089,-0.4018415963795478,-1.0636160929907263,6.419472028812212,-1.3371445472769676,-0.5302580424545881,0.15,0.2,-0.001216441590156249,0.2592691611324133,0.009013878188659884,0.008823263350593614,0
111.4,0.6207434457537704,main,0,0,-1.2319529950562764,-0.41105205832356795,-1.255503428545846,-0.4036241428635386,-1.0694951714739591,6.424128898596519,-1.3296535440359145,-0.5306252895683025,0.15,0.2,-0.001297365333206145,0.25925606527572054,0.009013878188659851,0.008861386318206863,0
111.45,0.6213283111024832,main,0,0,-1.2246755454631566,-0.41286554320621827,-1.2483295709415425,-0.4054176072646143,-1.0754205239274193,6.428726745734286,-1.322159647551243,-0.5309278048192021,0.15,0.19017846623615633,-0.0013022803219563499,0.2592637329019283,0.008880028470532137,0.008865114748671918,0
111.5,0.621915676299847,main,0,0,-1.2173811808508734,-0.41460974643493614,-1.2411250506243712,-0.4072187373439072,-1.081389328415801,6.433268042132835,-1.3146635934574278,-0.5311710598758762,0.15,0.1771925482813547,-0.0012315932250103138,0.2592908647653671,0.008710525212581793,0.008834196841453893,0
111.55000000000001,0.622504782059301,main,0,0,-1.2100716497264077,-0.41628925670298067,-1.2338991808724717,-0.40902520478188203,-1.0873981323187554,6.4377562796104915,-1.3071659804031277,-0.5313602647595045,0.15,0.16474060799315204,-0.0010892624033944903,0.2593346811789671,0.008556410897755082,0.008778639652714132,0
111.60000000000001,0.6230950830378665,main,0,0,-1.2027485325508251,-0.41790850184584494,-1.2266586507688686,-0.4108353373077829,-1.093443701708674,6.442194870687813,-1.299667289262907,-0.5315003760851651,0.15,0.15280871859391548,-0.0008803484469410991,0.2593926303734432,0.008416891664916925,0.008706290055154692,0
111.65,0.6236861865956851,main,0,0,-1.1954132575039038,-0.4194717484629894,-1.2194082763664191,-0.41264793090839513,-1.0995230070813775,6.446587141875413,-1.2921679002383868,-0.5315961062209801,0.15,0.14138179665150855,-0.0006096572580236853,0.2594624143212128,0.008291140317547173,0.008623260107633188,0
111.7,0.6242778095626265,main,0,0,-1.188067115096786,-0.4209831027346104,-1.212151530981155,-0.4144621172547112,-1.10563320965809,6.450936328520239,-1.2846681080164881,-0.5316519329918692,0.15,0.13044398317008432,-0.0002817646033979309,0.2595419728581215,0.008178310978790121,0.008534270281864575,0
111.75,0.624870177839295,main,0,0,-1.1807112716545196,-0.42244651219640306,-1.2048856437551823,-0.4162785890612044,-1.1117716483344224,6.45524557098463,-1.2771681351563657,-0.5316721096473482,0.15,0.11997589887621303,9.883142384997743e-05,0.2596294912193788,0.00807752345675772,0.008442920916843205,0
111.80000000000001,0.6254620801510065,main,0,0,-1.173346781923229,-0.42386576939568565,-1.1976254719750945,-0.41809363200622635,-1.1179358266704364,6.459517912899998,-1.2696681438707966,-0.5316606765206171,0.15,0.10996866917806472,0.0005282876021587609,0.25972327226608577,0.007988003043658418,0.008351937342206248,0
111.85000000000001,0.6260535575000239,main,0,0,-1.1659745998641717,-0.42524451218827386,-1.190370512714198,-0.4199073718214505,-1.124123402895959,6.463756297079535,-1.262168246364841,-0.5316214668258836,0.15,0.10040459619712468,0.001002655150415319,0.25982186587409806,0.007908898585513814,0.00826332959086776,0
111.9,0.6266446412284443,main,0,0,-1.1585955891277993,-0.42658622771419513,-1.1831968049873027,-0.42200093970961683,-1.130332178723037,6.467963564925666,-1.2546685139159668,-0.5315581170405369,0.15,-0.1957356783876086,0.0017726603052348085,0.17203056135624337,0.008955182012173744,0.008401700075128957,0
111.95,0.6272353569629862,main,0,0,-1.1512300626439504,-0.42800009461589517,-1.1760316767737877,-0.42410833036065065,-1.1364994822466803,6.472231394262374,-1.247168522963295,-0.5315697664971927,0.15,-0.18898421854833272,0.002593765661679148,0.17196764462677036,0.008864079015199642,0.008494175863143095,0
112.0,0.6278259912191233,main,0,0,-1.1438782247104646,-0.42948349577531236,-1.1688675368583352,-0.42621543033578374,-1.1426261834210654,6.476557308353036,-1.2396690234996708,-0.5316564140309149,0.15,-0.18243752364897448,0.003341836912865194,0.1719120086270586,0.008777935763719323,0.008550927843258341,0
112.05000000000001,0.628416722384909,main,0,0,-1.136540223857072,-0.4310338968445881,-1.1617022214704587,-0.42832287603810043,-1.1487131697945558,6.480938928702741,-1.232170765468791,-0.5318180509770225,0.15,-0.17609213472789584,0.004019350382628333,0.17186300783036262,0.00869656684822486,0.008580055644251645,0
112.10000000000001,0.6290076549828586,main,0,0,-1.1292161579221205,-0.43264884519685276,-1.1545344627969258,-0.43043104035384533,-1.1547613422890228,6.485373972048321,-1.2246744954251692,-0.5320545577065224,0.15,-0.16994401132082443,0.004628704666951854,0.17182004146229046,0.008619779832738426,0.008588000481949002,0
112.15,0.6295988435306783,main,0,0,-1.1219060787681312,-0.43432596855618333,-1.147363599561371,-0.4325401177760674,-1.1607716114391344,6.48986024720074,-1.2171808627149208,-0.5323635379710933,0.15,-0.16398873973669195,0.005172226076910341,0.17178255190164798,0.008547379231394188,0.008579876231838039,0
112.2,0.6301903091272577,main,0,0,-1.1146099966570966,-0.4360629734004602,-1.1401893758433221,-0.43465018357549345,-1.1667448940346365,6.494395651817119,-1.2096904519001852,-0.5327426762393959,0.15,-0.15822167651616165,0.005652172358049997,0.1717500227124215,0.008479169288600211,0.008559734843190473,0
112.25,0.6307820509525739,main,0,0,-1.1073278843060155,-0.4378576432046947,-1.1330118015893058,-0.4367612348266747,-1.1726821101195835,6.498978169155946,-1.2022037879132783,-0.5331897359078416,0.15,-0.15263804770016678,0.006070735335440094,0.17172197648363466,0.008414955941867655,0.00853077906292591,0
112.30000000000001,0.6313740542135435,main,0,0,-1.100059680642419,-0.43970783657417883,-1.1258310562330704,-0.4388732187549793,-1.178584180310522,6.503605864852644,-1.1947213408423298,-0.5337025573489435,0.15,-0.1472330178974364,0.006430042902436762,0.17169797259176026,0.008354548220849033,0.008495532894510535,0
112.35000000000001,0.6319662956081303,main,0,0,-1.0928052942787485,-0.4416114853040111,-1.1186474224183107,-0.4409860522299086,-1.184452023401611,6.508276883741319,-1.1872435303688211,-0.5342790558504885,0.15,-0.1420017386405558,0.006732160620348381,0.17167760495938825,0.008297759252387835,0.008455978166085995,0
112.4,0.6325587470581386,main,0,0,-1.0855646067235056,-0.4435665923924721,-1.1114612407214832,-0.44309963508191663,-1.190286554229188,6.512989446740585,-1.1797707298780231,-0.5349172194852481,0.15,-0.13693938247220522,0.006979093097805941,0.17166049985680215,0.008244406985642879,0.008413663929997373,0
112.45,0.6331513782357698,main,0,0,-1.0783374753461588,-0.44557123002919535,-1.1042728790057628,-0.44521385911595207,-1.1960886817717866,6.5177418478157705,-1.1723032702632081,-0.5356151069411508,0.15,-0.13204116713944772,0.0071727852546494605,0.17164631377526685,0.00819431471431355,0.008369794086860609,0
112.5,0.6337441582512505,main,0,0,-1.0711237361118764,-0.44762353757432016,-1.0970827119508375,-0.44732861413210656,-1.201859307464366,6.52253245102582,-1.1648414434439536,-0.5363708453346806,0.15,-0.12730237287688265,0.007315123533726749,0.1716347313890666,0.008147311448419929,0.008325297559172475,0
112.55000000000001,0.6343370567583883,main,0,0,-1.0639232061012787,-0.4497217195412816,-1.089891107642992,-0.4494437918697083,-1.2075993237077467,6.527359687660348,-1.1573855056180482,-0.5371826280249582,0.15,-0.12271835481377731,0.007407937097406994,0.1716254636155829,0.008103232171801908,0.00828088448169836,0
112.60000000000001,0.6349300446575971,main,0,0,-1.056735685829554,-0.4518640435932276,-1.0826984190477074,-0.45155928851538013,-1.2133096125560898,6.532222053470166,-1.1499356802655596,-0.5380487124419855,0.15,-0.11828455189994191,0.007452999028718055,0.17161824577761675,0.008061918010706633,0.008237091187500016,0
112.65,0.6355230945218082,main,0,0,-1.0495609613784838,-0.4540488385610025,-1.075504978843552,-0.4536750062224847,-1.2189910445668262,6.537118105993105,-1.1424921609226126,-0.5389674179395069,0.15,-0.11399649331126742,0.007452027546469777,0.17161283586883533,0.008023216331655321,0.008194316216331078,0
112.7,0.6361161808328053,main,0,0,-1.0423988063541443,-0.4562744924890268,-1.0683110965555327,-0.45579085395425506,-1.2246444777987981,6.542046461975747,-1.1350551137413936,-0.5399371236806071,0.15,-0.10984980300156859,0.007406687237275818,0.17160901292106748,0.00798698078200886,0.008152849129466636,0
112.75,0.6367092800890105,main,0,0,-1.0352489836823173,-0.45853945071412255,-1.0611170572476982,-0.457906747868324,-1.230270756945567,6.54700579489083,-1.1276246798518679,-0.54095626656234,0.15,-0.10584020286739619,0.007318590303608635,0.17160657547079886,0.007953071283433992,0.008112893560260107,0
112.80000000000001,0.637302370827202,main,0,0,-1.0281112472529317,-0.4608422139812908,-1.0539231212597109,-0.46002261139420264,-1.2358707125919097,6.551994832549437,-1.1202009775397062,-0.5420233391842378,0.15,-0.10196351485626626,0.007189297824915312,0.17160534012135886,0.007921353986292451,0.008074585645466576,0
112.85000000000001,0.6378954335876676,main,0,0,-1.0209853434241858,-0.46318133659959576,-1.0467295246295258,-0.462138375108963,-1.2414451605824883,6.557012354806521,-1.1127841042539524,-0.5431368878643907,0.15,-0.09821566225555468,0.007020321027793296,0.17160514019678472,0.00789170119145342,0.008038008754663945,0
112.9,0.6384884508432259,main,0,0,-1.0138710123963537,-0.4655554246405968,-1.039536479954328,-0.46425397648402117,-1.2469949014925585,6.5620571913579955,-1.1053741384570503,-0.544295510705846,0.15,-0.09459267033526056,0.006813122560841139,0.17160582448307063,0.007863991244954514,0.00800320525272206,0
112.95,0.6390762612727678,main,0,0,-1.0067679894646573,-0.4679631341811757,-1.0324065918429575,-0.46635100239913013,-1.2525207201913813,6.567128219627266,-1.0979711413289803,-0.5454978557153122,0.15,-0.09108151442317065,0.006571043899341953,0.1716072634374652,0.007838041937787183,0.007970172589735085,0
113.0,0.6396656857962391,main,0,0,-0.999676005043442,-0.4704031663467916,-1.025257125465298,-0.46845378662785353,-1.2580233878217564,6.572224360220854,-1.0905751567390456,-0.546742609484316,0.15,-0.08769177128307123,0.006293059124880035,0.17160932806233445,0.007813843754467227,0.007938906822681514,0
113.05000000000001,0.6402562342359419,main,0,0,-0.9925947872953096,-0.4728742703922608,-1.0181152488233705,-0.4706282503922098,-1.2635036581507038,6.577344578685105,-1.0831862148165965,-0.5480285088842196,0.15,0.0810284232690345,0.006006974258189531,0.16193875361165633,0.007768751724757079,0.007904875803096628,0
113.10000000000001,0.6408475602017469,main,0,0,-0.9855036162068606,-0.47531666524042604,-1.0110225824116403,-0.47299247252945326,-1.2690046276077955,6.582442552305294,-1.07579362033682,-0.5492932408153326,0.15,0.08535243210861121,0.005760063567982275,0.16194388160303605,0.007797637369215382,0.007883428116320378,0
113.15,0.6414394390709499,main,0,0,-0.97840208650724,-0.47772877550436654,-1.0039232841934511,-0.4753589052688496,-1.2745273031278272,6.587517003517045,-1.0683972284010368,-0.5505355718228674,0.15,0.08943334532870426,0.005542690095601616,0.16194981386827514,0.007826170968962171,0.007871976686848737,0
113.2,0.6420317109096164,main,0,0,-0.9712898416893498,-0.4801091060802308,-0.9968192724983025,-0.4777269091672325,-1.280072614614528,6.59256670850996,-1.0609969170428721,-0.5517543383313583,0.15,0.0932771889855097,0.005356655428377483,0.1619564042468162,0.007854164261119661,0.007868414201702922,0
113.25,0.6426242605706627,main,0,0,-0.9641665727356155,-0.4824562403782128,-0.9897119284592768,-0.4800960238469077,-1.2856414168206494,6.5975904961238125,-1.0535925865938847,-0.552948444943934,0.15,0.09689049926291872,0.005203604745616491,0.16196352440007195,0.007881456434545272,0.007871022648271393,0
113.30000000000001,0.643217003777922,main,0,0,-0.9570320166649996,-0.48476883841402396,-0.9826022629278717,-0.482465912357376,-1.2912344914479195,6.602587246689309,-1.046184158948636,-0.5541168626026144,0.15,0.10028009061124236,0.005085047103368084,0.16197106247691312,0.007907911251280202,0.007878400368873155,0
113.35000000000001,0.6438098774033781,main,0,0,-0.949885954947983,-0.4870456348336868,-0.9754910330938338,-0.48483632230205537,-1.2968525493947112,6.607555890861162,-1.0387715767528307,-0.5552586266721267,0.15,0.10345289629474792,0.005002369297781449,0.16197892168075437,0.007933414371811009,0.007889403169460726,0
113.4,0.6444028326820864,main,0,0,-0.9427282118249997,-0.48928543691989546,-0.9683788238688809,-0.48720705871037306,-1.302496233099478,6.6124954084732925,-1.031354802533276,-0.5563728349902373,0.15,0.10641585985456961,0.00495684549922515,0.1619870188349851,0.007957870916135005,0.007903096718795582,0
113.45,0.6449958304855127,main,0,0,-0.9355586525556175,-0.49148712261109145,-0.9612661045806881,-0.4895779651397706,-1.3081661189424123,6.617404827433627,-1.0239338177847308,-0.5574586459138616,0.15,0.10917586231996317,0.004949644119266812,0.1619952830024744,0.007981203265850178,0.007918718028206501,0
113.5,0.6455888380374177,main,0,0,-0.9283771816197417,-0.49364963855257504,-0.9541532683642469,-0.49194891054525103,-1.3138627196780572,6.62228322266758,-1.0165086220259067,-0.5585152763805531,0.15,0.11173967446771724,0.004981832881271315,0.16200365418909565,0.008003349097805557,0.007935644242126314,0
113.55000000000001,0.6461818266408447,main,0,0,-0.9211837408876696,-0.4957719981908471,-0.9470406594255564,-0.49431978019148126,-1.3195864868789577,6.627129715113658,-1.0090792318347157,-0.5595419999982,0.15,0.11411392658223109,0.00505438273636261,0.16201208214526278,0.008024259632514956,0.007953367320204043,0
113.60000000000001,0.6467904853500457,main,0,0,-0.9139783077725127,-0.4978532799168515,-0.9397400952146142,-0.4967533015951286,-1.325337813375695,6.631943470770931,-1.001645679871176,-0.5605381451710312,0.15,0.1165081561043516,0.005182520703110425,0.16202129263034826,0.008045734523601465,0.007971840760883527,0
113.65,0.6473941581938214,main,0,0,-0.9067608726703136,-0.4998925519795112,-0.9324993340265062,-0.49916688865783126,-1.3311170842171698,6.63672364111736,-0.9942080063076653,-0.5615030347826736,0.15,0.11864894608599412,0.005350938345756501,0.16203026578949165,0.00806526396062605,0.007990525400832033,0
113.7,0.6479944026958236,main,0,0,-0.8995314667696095,-0.5018889713550096,-0.9251634251562535,-0.5010747944097215,-1.3369246113036604,6.6414694423289236,-0.986766268975843,-0.5624360650523659,0.15,0.03615534622920326,0.005244032089572933,0.12,0.007554270690351024,0.00790327445873583,0
113.75,0.6485923040608856,main,0,0,-0.8922984636221121,-0.5038723183917868,-0.9177839764008207,-0.5027146719109288,-1.3427407082002125,6.646204737133887,-0.9793244081007267,-0.5633681094265316,0.15,0.02654032814222603,0.00501160967800878,0.12,0.007529292339668172,0.0078284780349223,0
113.80000000000001,0.6491885812653642,main,0,0,-0.8850628349098874,-0.5058460653712221,-0.9104245734430688,-0.5043500947904291,-1.3485630837878264,6.650932309715747,-0.9718828702271027,-0.5643027291756377,0.15,0.017381957223242983,0.004791458134541304,0.12,0.0075125783039559635,0.007765298088729032,0
113.85000000000001,0.6497837329586468,main,0,0,-0.8778254935512478,-0.5078135231365949,-0.9030790618270643,-0.5059824307050969,-1.354389565899232,6.655654820298634,-0.9644420797328089,-0.5652432805139642,0.15,0.00866081198002844,0.004580482111968047,0.12,0.007503124751734807,0.007712863421330188,0
113.9,0.6503781040914092,main,0,0,-0.8705873008821339,-0.5097778466549555,-0.8957431840849657,-0.5076126257588965,-1.360218092503082,6.6603748073355025,-0.9570024444469234,-0.5661929261389252,0.15,0.0003595088568314987,0.0043755726135577,0.12,0.007500005385273807,0.007670291814118913,0
113.95,0.6509719324176826,main,0,0,-0.8633490729046042,-0.5117420400632803,-0.8884140057968297,-0.509241332045149,-1.3660467039498476,6.665094689601262,-0.9495643602884539,-0.5671546454594782,0.15,-0.007537844003853613,0.004173669742234149,0.12,0.007502367088635545,0.0076367068690222405,0
114.0,0.6515653809275421,main,0,0,-0.8561115857303191,-0.5137089613637037,-0.8810895152982303,-0.5108689966003932,-1.3718735360958731,6.669816768289937,-0.9421282150733741,-0.5681312438110259,0.15,-0.01504602453933526,0.00397180165762855,0.12,0.007509426694763338,0.00761125083417046,0
114.05000000000001,0.6521585604480696,main,0,0,-0.8488755803212558,-0.5156813268774985,-0.8737683447334995,-0.5124959233925557,-1.377696814167774,6.674543229174925,-0.9346943916105958,-0.5691253608686432,0.15,-0.022178955795084054,0.003767108154562053,0.12,0.007520468156976715,0.007593094298731711,0
114.10000000000001,0.6527515453771444,main,0,0,-0.8416417666114147,-0.5176617155290804,-0.8664495758653308,-0.5141223164743709,-1.383514847261765,6.679276144863718,-0.9272632701870449,-0.5701394784103728,0.15,-0.028949882026912392,0.003556854322765109,0.12,0.0075348397324267805,0.007581443385470725,0
114.15,0.6533443846236778,main,0,0,-0.8344108270797477,-0.5196525730049875,-0.8591326050476636,-0.515748309989408,-1.3893260233955227,6.684017477159861,-0.9198352305263349,-0.5711759275402963,0.15,-0.03537148749028334,0.0033384378347886155,0.12,0.007551950994911628,0.007575544907358906,0
114.2,0.653932643089106,main,0,0,-0.8271834198344237,-0.521656215815031,-0.8518721713804364,-0.5173617396932364,-1.3951288050465949,6.688769079532743,-0.9124106532931983,-0.5722368954517758,0.15,-0.04139734323677652,0.003113348958324134,0.12,0.007571069113204267,0.0075746497485279785,0
114.25,0.6545221492781932,main,0,0,-0.8199601753429607,-0.5236748140951626,-0.8445963379945607,-0.5189785915567643,-1.4009217390884026,6.693532682705475,-0.9049899174703477,-0.5733244063011297,0.15,-0.04711878149569895,0.0028749057720905465,0.12,0.007591943903311223,0.007578108579484628,0
114.30000000000001,0.6551125473863717,main,0,0,-0.8127417065877784,-0.5257104242814351,-0.8373853004108576,-0.5208715665297142,-1.406703434305056,6.698309920445187,-0.8975734059742833,-0.5744403620478968,0.15,-0.2,0.002850914227143398,0.22319688461098333,0.009013878188659875,0.007865262501319678,0
114.35000000000001,0.6557035899823564,main,0,0,-0.8055439545156222,-0.5278181161725262,-0.8302960328818462,-0.5232346557060512,-1.4124370688581627,6.703144735313558,-0.8901684246721793,-0.5756304258762232,0.15,-0.2,0.0032024450905986613,0.22315684708577016,0.00901387818865993,0.008094985638787728,0
114.4,0.6562951582413046,main,0,0,-0.7983676388957013,-0.5299976790010031,-0.823200460282095,-0.5255998465726349,-1.4181220693890455,6.70803664383313,-0.8827757140559953,-0.5768944787807176,0.15,-0.19670758790421838,0.0034790420542051017,0.22312636405403277,0.008968482143703882,0.008269684939770958,0
114.45,0.6568871512021303,main,0,0,-0.7912131068540292,-0.532247717059501,-0.8160997935905636,-0.5279667354698121,-1.4237586819532206,6.712984228981602,-0.8753960133906323,-0.5782323943571431,0.15,-0.18743776663801007,0.0036806774584966263,0.22310570565485896,0.008843532819320741,0.008384454515680914,0
114.5,0.6574794799055697,main,0,0,-0.7840799758062673,-0.5345647067995419,-0.8089950998302134,-0.5303349667232622,-1.4293486794441543,6.7179844217830205,-0.8680300606400072,-0.5796440388150569,0.15,-0.1785052698361921,0.0038085656168555526,0.22309462480983774,0.008727260858915472,0.008453015784327826,0
114.55000000000001,0.6580720642535195,main,0,0,-0.7769678083397797,-0.5369452684829764,-0.8018873397387061,-0.532704220087098,-1.4348938268402973,6.723034306965383,-0.8606785923932567,-0.5811292709911895,0.15,-0.16990063182546292,0.003866170244663402,0.22309187868716826,0.008619245351780082,0.008486261697818277,0
114.60000000000001,0.658664832663961,main,0,0,-0.7698761202020024,-0.5393861616302705,-0.7947773719074277,-0.5350742093641908,-1.4403958757351178,6.728131115570678,-0.8533422850225635,-0.5826876657302439,0.15,-0.16161431377715305,0.003856835965075165,0.22309633941501397,0.008519066352073872,0.008492822628669397,0
114.65,0.6592577216154327,main,0,0,-0.7628043875482636,-0.5418842803772569,-0.7876659582453125,-0.5374446805848958,-1.4458565595815789,6.733272217780224,-0.8460211066129173,-0.5843156542726268,0.15,-0.15363676057394446,0.00378379010100866,0.22310698549440502,0.008426307546890544,0.008479519612313626,0
114.7,0.65985067513017,main,0,0,-0.7557520535020721,-0.5444366487873669,-0.7805537701783312,-0.5398154099405563,-1.4512775895835754,6.738455115976933,-0.8387149588893847,-0.586009822340417,0.15,-0.1459584495607638,0.0036501447881560193,0.2231228936637306,0.008340558621810882,0.008451727414213078,0
114.75,0.6604436442294555,main,0,0,-0.748718534078996,-0.5470404161589292,-0.7734413951823004,-0.5421862016058999,-1.4566606511715718,6.743677438060052,-0.8314236859681073,-0.5877669049188537,0.15,-0.1385699320359899,0.0034588993476445816,0.22314323122196877,0.0082614173293865,0.008413665397247763,0
114.80000000000001,0.6610365863840536,main,0,0,-0.7417032235230594,-0.5496928523605679,-0.7663293433746441,-0.5445568855417854,-1.4620074010043456,6.748936931022851,-0.8241470822636241,-0.5895837809542233,0.15,-0.13146186826303724,0.0032129428646299417,0.22316724881042987,0.008188491268512428,0.008368630571500696,0
114.85000000000001,0.6616294649733911,main,0,0,-0.7347054991021572,-0.552391343221977,-0.7592180540012712,-0.5469273153329096,-1.467319464443276,6.754231454799432,-0.8168848996181372,-0.5914574680208351,0.15,-0.12462505671766222,0.0029150569260088842,0.22319427364695366,0.008121399385338377,0.008319184334268231,0
114.9,0.662222248765952,main,0,0,-0.7277247254064446,-0.5551333860023229,-0.752107901668978,-0.5492973661103406,-1.4725984334499853,6.759558976383264,-0.8096368537153159,-0.5933851170009652,0.15,-0.1180504582236274,0.0025679184766714005,0.22322370320196622,0.00805977320892187,0.00826730210919896,0
114.95,0.6628149114237933,main,0,0,-0.7207602581910318,-0.5579165849541481,-0.744999202288535,-0.5516669325704883,-1.477845864862296,6.764917564217115,-0.8024026298379295,-0.5953640068139293,0.15,-0.08247298311288993,0.002254772852294523,0.20046398333421023,0.0077782466269534405,0.008169491012749856,0
115.0,0.6634074310361703,main,0,0,-0.7138073270925963,-0.5607284791805385,-0.7378922186686367,-0.5540359271104545,-1.4830711547861706,6.770297744995812,-0.7951789305198798,-0.5973809768589243,0.15,-0.08435591081839615,0.0019313459643329179,0.200452977434939,0.007790856808224022,0.00809376417184469,0
115.05000000000001,0.6639998061483583,main,0,0,-0.7068663177994584,-0.5635696743502817,-0.7307869682579908,-0.5564043439140031,-1.4882737057964694,6.775699917057607,-0.7879661099937891,-0.5994365108670122,0.15,-0.08610296728995168,0.0015769958808977205,0.20044287278742767,0.007802792808352856,0.008035569899146323,0
115.10000000000001,0.6645920316046869,main,0,0,-0.6999376045585576,-0.5664407251727795,-0.7236835128963522,-0.5587721623678826,-1.4934529515136417,6.7811244367415195,-0.7807645166559485,-0.6015310402643634,0.15,-0.08771906960084568,0.0011910763003415417,0.2004335884918012,0.007814035256016788,0.007991262970520416,0
115.15,0.665184099534002,main,0,0,-0.6930215502149248,-0.5693421372972319,-0.7165819469943733,-0.5611393510018756,-1.498608355800679,6.786571620108838,-0.7735744927197113,-0.6036649464938724,0.15,-0.0892089671298564,0.0007729988682584734,0.20042505151165968,0.007824570268406772,0.007957924430097688,0
115.2,0.6657760000528511,main,0,0,-0.6861185062267304,-0.5722743691600036,-0.7094823890992437,-0.5635058703002522,-1.5037394120033405,6.7920417446270855,-0.7663963738683846,-0.6058385632393516,0.15,-0.09057725337833808,0.000322232344706669,0.20041719592408858,0.007834388889280243,0.0079332173219342,0
115.25,0.6663677217712365,main,0,0,-0.6792288126612163,-0.5752378337832634,-0.7023849758284257,-0.5658716747238581,-1.50884564222754,6.79753505081712,-0.759230488911732,-0.6080521785600477,0.15,-0.09182837538564237,-0.0001616984685424627,0.20040996225312355,0.007843486570316052,0.007915271171610571,0
115.30000000000001,0.6669592521602294,main,0,0,-0.6723527981761113,-0.5782329005271987,-0.6952898574603092,-0.568236714179897,-1.5139265966487636,6.803051743863634,-0.7520771594495258,-0.6103060369418307,0.15,-0.09296664145130668,-0.0006792139560046319,0.20040329687443198,0.007851862693922422,0.007902589476072941,0
115.35000000000001,0.6675505778228665,main,0,0,-0.665490779990534,-0.5812598967975642,-0.688197194684929,-0.5706009351050236,-1.5189818528491412,6.808591995189029,-0.7449366995450093,-0.6126003412703782,0.15,-0.09399622765343442,-0.0012306810160025248,0.20039715148168122,0.007859520135362782,0.00789397560793091,0
115.4,0.6681416846972441,main,0,0,-0.6586430638488795,-0.5843191097099527,-0.6811071561679614,-0.5729642812773462,-1.5240110151784123,6.81415594399054,-0.7378094154106517,-0.6149352547309018,0.15,-0.09492118350043477,-0.0018164144511780833,0.20039148260697556,0.007866464861880576,0.007888473458720844,0
115.45,0.6687395692640677,main,0,0,-0.6518099439807529,-0.5874107877119142,-0.6739358225374009,-0.5753547258208663,-1.5290137141355307,6.819743698740388,-0.7306956051081658,-0.6173109026383673,0.15,-0.09580932507477133,-0.0024415322650345045,0.20038603179980144,0.007873191330842385,0.007885417033145154,0
115.5,0.6693360123688008,main,0,0,-0.6449917130401196,-0.590535163944091,-0.6667817785412283,-0.5777394071529238,-1.5339895878421905,6.825355354543747,-0.7235955677010024,-0.6197274019280179,0.15,-0.09658538743637746,-0.003101629508665712,0.20038105120223368,0.007879115474873898,0.007884156721490903,0
115.55000000000001,0.6699314273581051,main,0,0,-0.6381886500019821,-0.5936924306890982,-0.6596512732086057,-0.580149454339169,-1.5389383034335324,6.830990974651243,-0.7165095917057968,-0.6221848282637131,0.15,-0.04500555527491383,-0.0037745894728538317,0.16557501485029055,0.007583926259102398,0.007824110629013203,0
115.60000000000001,0.6705260992876075,main,0,0,-0.6313927089094971,-0.596864998208864,-0.6527405609315052,-0.583111188172212,-1.5438743247954405,6.836637716465315,-0.7094314523138627,-0.6246647360741672,0.15,-0.038764698857067195,-0.004061998490275044,0.165588911015185,0.007562353381945599,0.007771759179599683,0
115.65,0.6711202387644731,main,0,0,-0.624602929759725,-0.6000507318916003,-0.6458360363131679,-0.5860702701514995,-1.5487993921801961,6.842294014835771,-0.7023604312970043,-0.6271648684264931,0.15,-0.0328075978267371,-0.004366046473019253,0.16560440773118948,0.007544714146140722,0.007726350172907891,0
115.7,0.6717139941988336,main,0,0,-0.6178183855562053,-0.6032475991003668,-0.6389359746720171,-0.5890274394262784,-1.5537151744647086,6.8479583845739915,-0.695295829078313,-0.6296830811839189,0.15,-0.027123075104222787,-0.004684444704879547,0.1656211752874791,0.007530590166244807,0.007687198171575275,0
115.75,0.6723074706961932,main,0,0,-0.6110381830337331,-0.6064536642516486,-0.6320391545717235,-0.5919832194692612,-1.5586232704748473,6.853629415657953,-0.6882369662797946,-0.6322173376807426,0.15,-0.021700542200769193,-0.005014986499285277,0.16563892361409993,0.007519595797473447,0.00765367769675491,0
115.80000000000001,0.6729007432203061,main,0,0,-0.6042614631692952,-0.6096670842178111,-0.6251447048547458,-0.5949379836336803,-1.5635252103746147,6.859305768819893,-0.6811831849698906,-0.6347657036733052,0.15,-0.01652991534451174,-0.005355551947255468,0.16565739820516623,0.0075113762928847045,0.00762521741598087,0
115.85000000000001,0.6734938657530741,main,0,0,-0.5974874014971276,-0.6128861040160837,-0.6182519981947003,-0.5978920007736999,-1.5684224571188086,6.864986171475206,-0.6741338496421424,-0.6373263425461182,0.15,-0.011601555115391933,-0.0057041097607448375,0.16567637651391573,0.007505606074840634,0.007601295147752823,0
115.9,0.6740868776593096,main,0,0,-0.5907152082463384,-0.6161090527550438,-0.6113605771311295,-0.6008454669438016,-1.5733164079640254,6.870669413958559,-0.6670883479541609,-0.6398975107562224,0.15,-0.006906222512126574,-0.006058717260340584,0.16569566473072211,0.007501987066328968,0.007581433531468052,0
115.95,0.6746745023453555,main,0,0,-0.5839441283193413,-0.6193343398154799,-0.6045317612232026,-0.6037721023329131,-1.5782083960306454,6.87635434603872,-0.6600460912539318,-0.6424775535016195,0.15,-0.0024721051489997453,-0.0064189488784719435,0.16571493108178922,0.0075002546333385964,0.0075651977518421615,0
116.0,0.6752632668718961,main,0,0,-0.5771734471065058,-0.6225604637923531,-0.5976896991717974,-0.6067044146406583,-1.5830996813724034,6.882039882750897,-0.653006518459733,-0.645064910236818,0.15,0.0017565692672252206,-0.006781722739357542,0.1657342253569081,0.007500128562881038,0.007552183914049937,0
116.05000000000001,0.6758528275854278,main,0,0,-0.5704024825742731,-0.6257859930982573,-0.5908383845914917,-0.6096406923179322,-1.5879914660472483,6.88772498984707,-0.6459690917485157,-0.6476580984837922,0.15,0.005785058947252347,-0.007145329562913606,0.16575341720085776,0.007501394324849863,0.007542025996209923,0
116.10000000000001,0.6764429468390402,main,0,0,-0.5636305853314488,-0.6290095637478058,-0.5838875805423378,-0.6123509305606394,-1.5928848949514127,6.893408681742298,-0.6389332968439808,-0.6502557108608263,0.15,0.00012424933799179416,-0.007619746490131175,0.16716929882683318,0.0075000006432457775,0.007533620925617095,0
116.15,0.6770334610433508,main,0,0,-0.5568586680624293,-0.6322330923271046,-0.5769191629946383,-0.6150310911559083,-1.5977783591652304,6.899092343237152,-0.6318998853051894,-0.6528597696401159,0.15,-0.004160322733343817,-0.008107116374331081,0.167143410530663,0.007500721143882014,0.00752704096927008,0
116.2,0.6776242517983103,main,0,0,-0.5500874214858794,-0.6354580295047191,-0.5699474819853982,-0.617712506928693,-1.6026706409798785,6.904777022528552,-0.6248694293132584,-0.6554717973094797,0.15,-0.008244971112165904,-0.00859401837212109,0.1671203678325531,0.007502831946531903,0.007522199164722444,0
116.25,0.6782152332835287,main,0,0,-0.543317504960368,-0.6386857578448382,-0.562973550246079,-0.6203947883668927,-1.6075605788780472,6.910463718172953,-0.6178424751026115,-0.6580932309862053,0.15,-0.012135513130312251,-0.009082062374797632,0.16709991126952073,0.007506133770079992,0.0075189860857939545,0
116.30000000000001,0.6788063425987885,main,0,0,-0.5365495481879818,-0.6419175934110624,-0.5559981100365186,-0.6230776499859545,-1.6124470653277638,6.916153379865596,-0.6108195446437319,-0.6607254254641535,0.15,-0.015837845392688704,-0.00957276671466251,0.16708180266805206,0.007510444283907332,0.007517277725416631,0
116.35000000000001,0.6793975329783347,main,0,0,-0.5297841528030001,-0.6451547874560445,-0.5490217132203388,-0.6257608795306389,-1.6173290446466988,6.921846909344706,-0.6038011371704123,-0.6633696562669489,0.15,-0.0193578795370156,-0.010067565680252584,0.16706582399595882,0.0075155974271914365,0.0075169416657715924,0
116.4,0.6799887690200876,main,0,0,-0.5230218938471215,-0.6483985281691164,-0.5420447775630627,-0.6284443163218989,-1.6222055109468396,6.927545161394553,-0.5967877305603959,-0.6660271226773817,0.15,-0.022701495655076214,-0.010567815088738403,0.16705177610346233,0.007521442593719028,0.00751784185136108,0
116.45,0.6805800233283064,main,0,0,-0.5162633211349665,-0.6516499424605463,-0.5350676263506646,-0.6311278360189752,-1.6270755061647553,6.93324894492634,-0.5897797825796802,-0.6686989507219204,0.15,-0.025874508609365555,-0.011074796576527927,0.16703947742748723,0.007527843739900595,0.007519842229068983,0
116.5,0.6811712741484104,main,0,0,-0.509508960514989,-0.6549100977659413,-0.5280905163000863,-0.6338113398845822,-1.6319381181794073,6.938959024119745,-0.582777732001346,-0.6713861960956162,0.15,-0.028882643797737084,-0.011589721044548976,0.16702876270627998,0.007534678456673925,0.007522809474589972,0
116.55000000000001,0.6817625036987995,main,0,0,-0.5027593150317637,-0.658180003857984,-0.5211136572447495,-0.6364947472135579,-1.6367924790172246,6.944676119611012,-0.5757819996098431,-0.6740898470173289,0.15,-0.0317315198690292,-0.012113731545035929,0.1670194817335761,0.007541837033889667,0.007526614986449911,0
116.60000000000001,0.68235369699282,main,0,0,-0.49601486599604944,-0.6614606146554808,-0.5141372260360471,-0.6391779899861357,-1.6416377631426347,6.950400909715815,-0.5687929891013981,-0.6768108270085904,0.15,-0.0344266365770103,-0.012647905797352334,0.1670114981696724,0.007549221537102574,0.007531136296580444,0
116.65,0.6829448410058515,main,0,0,-0.4892760739691726,-0.6647528300218415,-0.5071613763722185,-0.6418610090876083,-1.646473185831244,6.956134031677057,-0.5618110878907315,-0.6795499975919045,0.15,-0.03697336645270208,-0.013193258454787433,0.16700468841892435,0.007556744910461056,0.007536258019356567,0
116.7,0.6835359240857868,main,0,0,-0.48254337966824706,-0.668057497546765,-0.5001862457550343,-0.6445437516326791,-1.6512980016222243,6.961876082929276,-0.5548366678336756,-0.682308160906093,0.15,-0.03937694933002797,-0.013750743201164562,0.16699894057805378,0.007564330114860573,0.007541872438457368,0
116.75,0.6841269355354962,main,0,0,-0.4758172047985724,-0.6713754143062027,-0.49321196041696425,-0.6472261690703984,-1.6561115028460887,6.967627622372578,-0.5478700858746198,-0.6850860622376306,0.15,-0.04164248901560338,-0.014321254727900821,0.1669941534563223,0.0075719093072443965,0.007547879812214775,0
116.80000000000001,0.6847178653171092,main,0,0,-0.46909795281931016,-0.674707328596694,-0.48623863881082646,-0.6499082158419898,-1.660913018223858,6.973389171650076,-0.5409116846270295,-0.687884392467881,0.15,-0.043774951578287806,-0.014905630623843799,0.16699023566650292,0.007579423064524838,0.007554188462676788,0
116.85000000000001,0.6853087038428276,main,0,0,-0.46238600964823307,-0.6780539416409869,-0.4792663940783231,-0.6525898484314142,-1.665701911533561,6.9791612164236625,-0.5339617928945982,-0.6907037904368599,0.15,-0.04577916486804661,-0.015504653198368601,0.1669871047842649,0.007586819653847685,0.007560714700910968,0
116.9,0.6859394433400557,main,0,0,-0.45568174431101643,-0.6814159092625138,-0.4718232942368173,-0.6554525791396857,-1.6704775803400447,6.984944207643678,-0.5270207261399348,-0.6935448452246642,0.15,-0.04793546196201844,-0.01615673507752027,0.1669844332766845,0.00759513859787594,0.007567599480303963,0
116.95,0.6865589203703425,main,0,0,-0.44898555609602525,-0.6847939358150166,-0.4645130981793214,-0.6582641930079534,-1.675239374925057,6.990738628437006,-0.5200888351344056,-0.6964082151077676,0.15,-0.04987915780053771,-0.016818976130746274,0.1669826107271403,0.007602957088482547,0.00757467100193968,0
117.0,0.6871705126623556,main,0,0,-0.4422978133528259,-0.6881886518562761,-0.45740869965416925,-0.6612956501729155,-1.679986703674835,6.996544906913064,-0.5131664424789494,-0.6992944721863531,0.15,0.015401631526184612,-0.01734739938221455,0.12661096734494806,0.007509877256556382,0.007561712252863021,0
117.05000000000001,0.6877765834998485,main,0,0,-0.4356074583846062,-0.6915782167839942,-0.45055492674365827,-0.6647225366281709,-1.6847385023246086,7.00234752783744,-0.506244134714144,-0.7021809328580607,0.15,0.028957011036286555,-0.01764353579737054,0.12662425598207616,0.007534856853656661,0.007556341173021749,0
117.10000000000001,0.6883787900973841,main,0,0,-0.42891220284704806,-0.6949580915282411,-0.4437448527236084,-0.6681275736381957,-1.689498697318826,7.00814326278799,-0.49931996915851856,-0.7050629341346548,0.15,0.04175208658958783,-0.017925905483537098,0.12664582238409733,0.0075722865079918536,0.00755953024001577,0
117.15,0.6889782929043458,main,0,0,-0.42220990606272973,-0.6983239818732934,-0.4369653546122563,-0.6715173226938719,-1.6942709811329506,7.013929047712911,-0.49239212429576573,-0.7079360797205291,0.15,0.053835457735258704,-0.01819119321015852,0.12667425197514204,0.007619803824146542,0.007571584956841925,0
117.2,0.6895411515980262,main,0,0,-0.4154985733581864,-0.7016718189853595,-0.43060024771625355,-0.6746998761418733,-1.6990588216581397,7.019701965788318,-0.4854589003629559,-0.7107962206082326,0.15,0.06443341211743331,-0.018448993944457436,0.12670565068580023,0.0076710358083627965,0.0075914751271460995,0
117.25,0.6901125111945838,main,0,0,-0.40877648987285636,-0.7049980170576716,-0.42413900806769017,-0.677930495966155,-1.7038652357447661,7.0254594290863235,-0.4785188286428778,-0.71363970518181,0.15,0.07466859942140486,-0.018688839464330725,0.12674178106037276,0.007728817816278341,0.007618943664972548,0
117.30000000000001,0.6906898675813845,main,0,0,-0.40204203513662545,-0.7082990955792547,-0.41751896802999644,-0.6809924127880014,-1.708693111370431,7.031198907890458,-0.47157052300097363,-0.716463009753882,0.15,-0.11005139698578142,-0.01890651438911696,0.26927404669695226,0.007988715086706774,0.007692897949319393,0
117.35000000000001,0.6912714729084685,main,0,0,-0.39532584667745196,-0.711637180746063,-0.4106914837197087,-0.6837234065121166,-1.713489332182763,7.0369648653928465,-0.46464135649746996,-0.7193329664724969,0.15,-0.1257073794354357,-0.019087356211163455,0.26916288262452365,0.008131818110227779,0.007780681981501071,0
117.4,0.6918559761873375,main,0,0,-0.3886307718410395,-0.7150174134207226,-0.403829980256874,-0.6864680078972504,-1.71824921732423,7.042760854820031,-0.45773378045717267,-0.7222545060062892,0.15,-0.140732297533917,-0.019293211306427253,0.26908483050916676,0.008284231239574056,0.007881391833115668,0
117.45,0.6924424142996394,main,0,0,-0.38195964795298076,-0.7184446726858165,-0.396945763719914,-0.6892216945120344,-1.7229682008169633,7.048590193958845,-0.4508502574262274,-0.7252322754202039,0.15,-0.15508384997487024,-0.019531700437289735,0.2690365791974507,0.008442859428350812,0.007993685352162697,0
117.5,0.6930300935499818,main,0,0,-0.37531529998468666,-0.7219235575755801,-0.3900469774221482,-0.6919812090311407,-1.7276418410752188,7.054455949386445,-0.443993258286755,-0.728270624116663,0.15,-0.16873312512013122,-0.01980931345564927,0.2690147679066616,0.008604899313501788,0.008115928144430516,0
117.55000000000001,0.6937019025594671,main,0,0,-0.3687005382857219,-0.7254583740723604,-0.382160589079099,-0.6951357643683603,-1.7322658282310552,7.060360925489924,-0.4371652591683832,-0.7313735949575692,0.15,-0.18464433195093943,-0.020196672632796373,0.26901943691025976,0.008806727872825737,0.00825408809010956,0
117.60000000000001,0.6943499091115203,main,0,0,-0.3621186922134132,-0.729054107972475,-0.3745536185768016,-0.6981785525692794,-1.7368351030842801,7.066308338987882,-0.4303686306383722,-0.7345446895044158,0.15,-0.19877822026559708,-0.020655333282013345,0.2690513456947702,0.008996971047662318,0.008402664681620112,0
117.65,0.6949813278992705,main,0,0,-0.3555729083131209,-0.7327150795826728,-0.3673599197751068,-0.7015840481349359,-1.7413450424180779,7.07230087160819,-0.42360405235391113,-0.7377835906503907,0.15,-0.09281925776489533,-0.020978292965183807,0.17981701509398593,0.00785077283663949,0.008292286312623989,0
117.7,0.6956011979285761,main,0,0,-0.34904418527839126,-0.7364063903980596,-0.3606395601455603,-0.7056162639126637,-1.7458271221615538,7.078314270079365,-0.41685628109126077,-0.7410573626319052,0.15,-0.07225165571296985,-0.02104265175024919,0.17979510192757364,0.007714446745930103,0.008176718399285212,0
117.75,0.6962130070760928,main,0,0,-0.3425288399828982,-0.7401212626274231,-0.35400659306927756,-0.7095960441584335,-1.7502874488052527,7.084343821159795,-0.4101220712486451,-0.7443589407084646,0.15,-0.052820677170816586,-0.021125815564166803,0.17980568637627156,0.007615363744463554,0.008064447468320881,0
117.80000000000001,0.6968191890515986,main,0,0,-0.33602332850178596,-0.7438533291285879,-0.3474346333297309,-0.7135392200021615,-1.7547318356633947,7.090385131071989,-0.4033982855860057,-0.7476816965470549,0.15,-0.034444264477889036,-0.02122467157697032,0.17984347352948613,0.007549271792506827,0.007961412333158072,0
117.85000000000001,0.6974214418289603,main,0,0,-0.32952425407950814,-0.7475965939674277,-0.34090527223721634,-0.7174568366576701,-1.7591658115117947,7.096434086202903,-0.39668190753240573,-0.751019400224903,0.15,-0.017056761959409153,-0.021334676708825294,0.17990401843145323,0.007512112432953693,0.007871552353117196,0
117.9,0.697999917644035,main,0,0,-0.3230283744192036,-0.7513454001025649,-0.3346336905660512,-0.7212197856603693,-1.7635946269689435,7.102486820597085,-0.389970051818649,-0.7543661886672327,0.15,-0.001152208605701737,-0.02146464641948684,0.17998053170455716,0.007500055315823971,0.007797252945658552,0
117.95,0.698544888817451,main,0,0,-0.31653271074001327,-0.7550945804619031,-0.3287253515595745,-0.7247647890642553,-1.7680230937181103,7.108539810127187,-0.38326006130998375,-0.7577167150995447,0.15,0.013073227596908446,-0.02163019540051942,0.18006614366341225,0.00750711784241301,0.007739225925009444,0
118.0,0.699103343406907,main,0,0,-0.3100345977543019,-0.7588395140560981,-0.3226708312561494,-0.7283975012463103,-1.772455516126401,7.114589903646669,-0.37654955297550197,-0.7610662042983406,0.15,0.0269107002888334,-0.02179554940472257,0.18016509143249734,0.007530113951247507,0.007697403530257056,0
118.05000000000001,0.6996712485702219,main,0,0,-0.30615777015809875,-0.7610668286321544,-0.3162848879121384,-0.7316511609279386,-1.7751027397299568,7.11819308690931,-0.3698555258662036,-0.764400414072791,0.08942197141954661,-0.09876964464047766,-0.022055164872809594,0.32,0.005107629011625536,0.007179448626530752,0
118.10000000000001,0.7001743071394362,main,0,0,-0.30220943944288997,-0.7633612319552658,-0.31047274180327755,-0.734234336976321,-1.777788285028029,7.121886520068007,-0.3632492675611091,-0.7677476153006378,0.09133148864606523,-0.11673805675531312,-0.02218315387120027,0.32,0.005419498199108891,0.00682745854104638,0
118.15,0.7006341700075336,main,0,0,-0.2982231649889794,-0.7657089155371273,-0.30515966228731567,-0.7365957056500819,-1.780487026848584,7.125644018545509,-0.3567578404428607,-0.7710993928643695,0.09252459612976789,-0.13202173391422595,-0.022408385592243053,0.32,0.005682920781914549,0.006598550989220014,0
118.2,0.7010651320662464,main,0,0,-0.2942219433084813,-0.7681011151437726,-0.30018049165808497,-0.7388086703741844,-1.7831814663343057,7.129448277967828,-0.35039762939738994,-0.774450874953726,0.09323603143532397,-0.1453353163783317,-0.022693842723928607,0.32,0.005910487734634592,0.00646093833830293,0
118.25,0.7014766166502291,main,0,0,-0.290221808118448,-0.7705322963331552,-0.2954263563147867,-0.7409216194156503,-1.7858591701848732,7.133287760433318,-0.3441780906624871,-0.7777994083944321,0.09361991991910862,-0.1571654295157585,-0.023021446851043865,0.32,0.006111450822918051,0.006391040835225955,0
118.30000000000001,0.7018748191024372,main,0,0,-0.2862341953825871,-0.77299898436964,-0.29082567763684575,-0.7429663654947352,-1.788511079537194,7.137154669016103,-0.3381042033084981,-0.7811437089545626,0.09377762035909636,-0.16784173195701807,-0.02338281609336576,0.32,0.006292247974054584,0.006371282262991681,0
118.35000000000001,0.7022637947131137,main,0,0,-0.2822674985868354,-0.7754990022085093,-0.2863316023533917,-0.7449637322873814,-1.791130394861449,7.141043622589522,-0.3321780741586522,-0.7844833102970183,0.09377584478764517,-0.1775870452292381,-0.023774520582906054,0.32,0.0064572050308066295,0.006388466816554671,0
118.4,0.7026461792108449,main,0,0,-0.27832809224258664,-0.7780309703297462,-0.28191367826545066,-0.7469272541042441,-1.7937118416012923,7.144950784941078,-0.32639842241433104,-0.7878169514147925,0.09365849649031825,-0.18655200834258598,-0.024195608379467964,0.32,0.006609146487820851,0.006432602750807907,0
118.45,0.7030236660938073,main,0,0,-0.27442100565447164,-0.7805939763840646,-0.2775523393434593,-0.7488656269584626,-1.7962511871908167,7.148873290469241,-0.32076236736648406,-0.7911433166854569,0.0934544287693222,-0.1948387510035188,-0.024646300032149432,0.32,0.006749863883767124,0.006496054977399751,0
118.5,0.7033973229688637,main,0,0,-0.2705503663563323,-0.7831873559212966,-0.2732352508664647,-0.750784332948238,-1.7987449239299267,7.152808864515863,-0.3152665709892531,-0.7944614459903712,0.09318254343048273,-0.2,-0.02512729611008186,0.32,0.006834286063696305,0.006563701194659062,0
118.55000000000001,0.7037678012608883,main,0,0,-0.266719241135549,-0.7858101466639961,-0.2689548865208754,-0.7526867171018332,-1.8011906347982254,7.156755388313586,-0.309907496640335,-0.7977706007921973,0.09285806747356215,-0.2,-0.025639411453572555,0.32,0.006823236163090832,0.006615608188345416,0
118.60000000000001,0.7041354811972704,main,0,0,-0.2629294466510637,-0.7884606877928815,-0.26470685330500765,-0.7545747318644411,-1.8035873285265476,7.160710608874209,-0.30468156972402266,-0.8010701749910664,0.09249413064740573,-0.2,-0.026182807425841018,0.32,0.006810867089478935,0.00665465996857212,0
118.65,0.7045005735417933,main,0,0,-0.2591825851461601,-0.7911373931365798,-0.26048871613480146,-0.7564494594956438,-1.805934179856532,7.164672428086245,-0.29958527168202487,-0.8043596379673457,0.09209500015508336,-0.2,-0.026756441287906572,0.32,0.006797332023221373,0.0066831943795019715,0
118.7,0.7048631758022297,main,0,0,-0.2554801128258237,-0.7938387119123943,-0.256299348442783,-0.7583114006920966,-1.8082304828402793,7.168638839186756,-0.29461519667621866,-0.8076384957322086,0.09166335017099161,-0.2,-0.027359233666791355,0.32,0.00678272986425258,0.006703101476452093,0
118.75,0.7052233097147073,main,0,0,-0.251823383510184,-0.7965631029488235,-0.2521384990980548,-0.7601606670675312,-1.8104756213141173,7.1726078855508755,-0.2897680839046568,-0.8109062644398743,0.09120082413494801,-0.2,-0.027990052767825308,0.32,0.006767124633641194,0.006715906107889914,0
118.80000000000001,0.7055809462878205,main,0,0,-0.2482136760788923,-0.7993090180251421,-0.2480065030562168,-0.7619971097527926,-1.8126690505193355,7.17657763436756,-0.28504083408039543,-0.8141624523599571,0.09070840610632774,-0.2,-0.028647712363745328,0.32,0.006750558298827984,0.006722836546077528,0
118.85000000000001,0.7062346609180394,main,0,0,-0.244512060397812,-0.8021837341477376,-0.24045373449834057,-0.7653538957785153,-1.8148945479195977,7.18070232984206,-0.2802866968252465,-0.8175077472021713,0.09373569530532133,-0.2,-0.030248668348159778,0.32,0.006853170903744405,0.006748903417610904,0
118.9,0.7068026000575831,main,0,0,-0.24076929130625596,-0.8051508833884389,-0.23389198311991882,-0.7682702297244804,-1.8171203673297742,7.184928205259364,-0.2755534768197011,-0.8209095954297735,0.09552443685110391,-0.2,-0.031742581362901805,0.32,0.006914643525829837,0.006782051439254691,0
118.95,0.7073127376928754,main,0,0,-0.23493898586949571,-0.8098686729676893,-0.228450890994674,-0.771549109005326,-1.8205489927301093,7.191598627124897,-0.2695073430190159,-0.825347417650662,0.15,-0.13712878541353551,-0.03283063134853206,0.1844898507532237,0.008246374346833833,0.0070749160207705195,0
119.0,0.7078468119059311,main,0,0,-0.2291411644600397,-0.8146263264758857,-0.22367617063809242,-0.7763238293619077,-1.8239318025555287,7.198292400177895,-0.26349100788909774,-0.8298255547191887,0.15,-0.05487514599463464,-0.0331145787695242,0.18423455314481313,0.007624437751726917,0.0071848203669618,0
119.05000000000001,0.7083057344935809,main,0,0,-0.22335641870432557,-0.8193998698706552,-0.21957331944666442,-0.7804266805533355,-1.8272962335820817,7.20499542963237,-0.2574863707151595,-0.8343193651746217,0.15,0.01329802983989322,-0.033422528033230446,0.1844405573527324,0.007507364617394954,0.007249329217048431,0
119.10000000000001,0.7086554936280228,main,0,0,-0.21756850029142064,-0.8241695659244469,-0.21644640933137335,-0.7835535906686267,-1.8306651207188942,7.211696220590117,-0.2514782008743698,-0.8388084514028228,0.15,0.062136498689598606,-0.03394938199906429,0.18482424383598203,0.007659183395987892,0.007331300052836324,0
119.15,0.709073774902853,main,0,0,-0.211765791225242,-0.8289212569385268,-0.2127068988497089,-0.7872931011502912,-1.8340548097477996,7.218386512682942,-0.2454555904696718,-0.8432781453423699,0.15,0.1171296291202118,-0.034601998180868926,0.18550171809924781,0.00805137216635455,0.007475314475539969,0
119.2,0.7095401445169853,main,0,0,-0.21156961809056993,-0.8290799879974843,-0.208150029482944,-0.7909249852585281,-1.8341701768770475,7.218610945018701,-0.24442645955600695,-0.8440324214407393,0.0050469574139210376,0.2,-0.03560191635645521,0.32,0.005006363894868586,0.006981524359405693,0
119.25,0.7098724509789505,main,0,0,-0.21120598558578468,-0.8293682477865709,-0.20439213042872384,-0.7928039347856382,-1.8343864353042965,7.219021499031206,-0.2432452589332806,-0.8448801276181684,0.009280566890889172,0.2,-0.035656158438745776,0.32,0.005021486065353522,0.006589516700595259,0
119.30000000000001,0.7101158416976628,main,0,0,-0.21072352161159652,-0.8297429130380729,-0.20163973811517644,-0.7941801309424119,-1.8346765126103766,7.219559086878511,-0.24196236880868377,-0.8457815142975715,0.012217127928813562,0.2,-0.03575136443227105,0.32,0.00503717634563963,0.006279048629604133,0
119.35000000000001,0.7103004302332383,main,0,0,-0.21015494374947177,-0.8301754067503733,-0.1995523123120304,-0.7952238438439849,-1.835022017602544,7.220184353139287,-0.2406113864287607,-0.8467107048975633,0.01428749938201484,0.2,-0.035870710772141365,0.32,0.005050775346070802,0.006033393972897467,0
119.4,0.710446298471938,main,0,0,-0.20952223214243146,-0.8306467714322938,-0.197902756317817,-0.7960486218410915,-1.8354104975108336,7.220871078704488,-0.23921461244844686,-0.8476509550922695,0.01577984335848237,0.2,-0.03600326915831695,0.32,0.0050618680979500575,0.0058390887979079854,0
119.45,0.7105668360850057,main,0,0,-0.20884012689734316,-0.8311444052157881,-0.19653965257476486,-0.7967301737126176,-1.8358335564690318,7.221601782519819,-0.2377867518315095,-0.8485915207286416,0.016886763429998976,0.2,-0.03614191331400465,0.32,0.005070789578344854,0.0056854289539953595,0
119.5,0.7106709692902102,main,0,0,-0.20811849041717503,-0.8316599016733531,-0.19536205864223546,-0.7973189706788822,-1.8362855666979523,7.22236479140589,-0.2363374086549706,-0.8495255903780649,0.017736919769469818,0.2,-0.03628196376195684,0.32,0.005078040548013616,0.005563951272799011,0
119.55000000000001,0.7107646479266819,main,0,0,-0.2073639019285731,-0.8321876211966849,-0.1943026905597862,-0.7978486547201069,-1.8367627866833074,7.223152289195101,-0.23487276697176437,-0.8504489218065201,0.018416206802010848,0.2,-0.03642031216552715,0.32,0.005084082186829298,0.005467977455605069,0
119.60000000000001,0.7108518374070342,main,0,0,-0.20658073316547848,-0.8327237468072667,-0.19331670532249567,-0.7983416473387522,-1.837262758386293,7.223959018566094,-0.23339672274270487,-0.8513589435308682,0.018981928056009977,0.2,-0.03655485662530597,0.32,0.0050892812834238,0.005392238221168816,0
119.65,0.7109351802354892,main,0,0,-0.20577187371601818,-0.8332656605115665,-0.19237422008048438,-0.7988128899597579,-1.8377838955117658,7.224781417598403,-0.23191164576470685,-0.852254163467427,0.019472278468521696,0.2,-0.036684138230774994,0.32,0.005093910489190802,0.005332572674773213,0
119.7,0.7110164370598773,main,0,0,-0.20493921996660544,-0.8338115316218468,-0.19145532448720878,-0.7992723377563956,-1.838325202449771,7.225617045706066,-0.2304188923234078,-0.8531337802257604,0.019912684755701064,0.2,-0.036807107640429,0.32,0.005098165114572963,0.005285691162733163,0
119.75,0.7110967806584607,main,0,0,-0.20408400462001308,-0.8343600451598223,-0.19054675613935468,-0.7997266219303227,-1.8388860824971698,7.226464202104153,-0.22891914998948784,-0.8539974280384011,0.02032004321244891,0.2,-0.03692297552716362,0.32,0.00510218192447,0.005248989315080531,0
119.80000000000001,0.7111769918617127,main,0,0,-0.20396289374756793,-0.8344360241412628,-0.18963968498865863,-0.8001801575056708,-1.838966197114716,7.226582617884776,-0.22819330912475042,-0.8544058033397972,0.0028594159575100917,-0.11541802859956209,-0.03699503948279431,0.32,0.0028889905637915253,0.00477698956482273,0
119.85000000000001,0.711236516276563,main,0,0,-0.20382502920859602,-0.8345236263139091,-0.18896655109608756,-0.8005167244519562,-1.8390569448898764,7.226718432512345,-0.22749733096101815,-0.8548048113606009,0.003266849966453265,-0.13570403688031157,-0.036945276437252844,0.32,0.003396530845990694,0.004500897821056323,0
119.9,0.7112820388400433,main,0,0,-0.20368075471530758,-0.8346166816709328,-0.1884517576213044,-0.8007741211893479,-1.839151354605073,7.2268618244038905,-0.22684043644219845,-0.8551892910590939,0.003433623676786039,-0.14927784939750918,-0.03691319368769322,0.32,0.0037358930832332286,0.004347896873491704,0
119.95,0.711317954011662,main,0,0,-0.20353679975518635,-0.8347110597733507,-0.1880456096678161,-0.800977195166092,-1.8392449378440303,7.227006297356881,-0.2262276711168909,-0.8555558437077203,0.003442688296055248,-0.1581251896757172,-0.03689025446254448,0.32,0.003956875663070242,0.004269692631407412,0
